   97.80   709
  110.30   800
  177.00  1329
  191.80  1463
  219.10  1712
  265.00  2139
  283.35  2313
  292.60  2401
  923.35  9696
  939.15  9921
  961.25 10241
  964.30 10286
 1024.10 11187
 1035.85 11367
 1119.60 12858
 1137.65 13231
 1175.05 14084
 1198.00 14672
 1199.25 14705
 1241.80 15972
 1246.70 16136
 1278.60 17322
 1279.80 17371
 1280.45 17398
 1280.85 17415
 1281.25 17431
 1281.40 17437
 1281.65 17448
 1281.95 17460
 1282.35 17477
 1282.70 17492
 1282.90 17500
 1283.00 17504
 1283.20 17513
 1303.00 18345
 1320.95 19072
 1324.45 19215
 1332.30 19537
 1338.85 19806
 1354.85 20471
 1355.25 20487
 1357.80 20594
