0.02 -100.606
0.04 -99.196
0.06 -98.796
0.08 -99.455
0.1 -100.656
0.12 -99.87
0.14 -98.689
0.16 -100.154
0.18 -99.516
0.2 -99.283
0.22 -94.1
0.24 -89.785
0.26 -88.004
0.28 -90.884
0.3 -88.282
0.32 -84.961
0.34 -87.989
0.36 -94.781
0.38 -91.123
0.4 -98.511
0.42 -91.796
0.44 -88.174
0.46 -87.408
0.48 -83.234
0.5 -84.848
0.52 -94.474
0.54 -85.629
0.56 -82.732
0.58 -78.325
0.6 -74.178
0.62 -73.265
0.64 -74.869
0.66 -75.387
0.68 -68.918
0.7 -64.175
0.72 -61.112
0.74 -58.786
0.76 -57.733
0.78 -58.015
0.8 -58.231
0.82 -57.591
0.84 -57.742
0.86 -60.041
0.88 -65.346
0.9 -58.706
0.92 -51.163
0.94 -46.643
0.96 -43.437
0.98 -40.602
1 -38.101
1.02 -36.25
1.04 -35.173
1.06 -34.819
1.08 -35.129
1.1 -36.038
1.12 -37.165
1.14 -37.334
1.16 -35.754
1.18 -33.381
1.2 -31.084
1.22 -29.131
1.24 -27.57
1.26 -26.366
1.28 -25.485
1.3 -24.888
1.32 -24.492
1.34 -24.254
1.36 -24.158
1.38 -24.171
1.4 -24.306
1.42 -24.551
1.44 -24.793
1.46 -24.853
1.48 -24.528
1.5 -23.84
1.52 -22.986
1.54 -22.125
1.56 -21.35
1.58 -20.718
1.6 -20.3
1.62 -20.164
1.64 -20.33
1.66 -20.794
1.68 -21.515
1.7 -22.398
1.72 -23.308
1.74 -24.104
1.76 -24.692
1.78 -24.997
1.8 -24.963
1.82 -24.658
1.84 -24.358
1.86 -24.392
1.88 -24.943
1.9 -25.966
1.92 -27.159
1.94 -28.131
1.96 -28.675
1.98 -28.898
2 -28.905
2.02 -28.673
2.04 -28.23
2.06 -27.881
2.08 -27.931
2.1 -28.524
2.12 -29.582
2.14 -30.867
2.16 -32.018
2.18 -32.803
2.2 -33.212
2.22 -33.372
2.24 -33.446
2.26 -33.629
2.28 -33.725
2.3 -33.92
2.32 -34.424
2.34 -35.071
2.36 -36.154
2.38 -37.553
2.4 -38.857
2.42 -39.768
2.44 -40.216
2.46 -40.039
2.48 -39.929
2.5 -39.844
2.52 -40.211
2.54 -40.771
2.56 -41.576
2.58 -42.399
2.6 -43.51
2.62 -44.564
2.64 -45.224
2.66 -46.073
2.68 -45.823
2.7 -45.947
2.72 -45.813
2.74 -46.028
2.76 -46.978
2.78 -47.568
2.8 -48.989
2.82 -50.248
2.84 -50.674
2.86 -51.511
2.88 -50.665
2.9 -49.861
2.92 -50.74
2.94 -56.251
2.96 -52.946
2.98 -41.982
3 -36.894
3.02 -34.039
3.04 -33.101
3.06 -34.201
3.08 -37.824
3.1 -44.28
3.12 -40.104
3.14 -36.503
3.16 -35.888
3.18 -35.491
3.2 -32.476
3.22 -29.12
3.24 -27.088
3.26 -26.549
3.28 -27.484
3.3 -29.644
3.32 -30.765
3.34 -28.479
3.36 -25.859
3.38 -24.215
3.4 -23.453
3.42 -23.341
3.44 -23.596
3.46 -23.867
3.48 -23.735
3.5 -22.994
3.52 -21.873
3.54 -20.657
3.56 -19.585
3.58 -18.838
3.6 -18.413
3.62 -18.219
3.64 -18.143
3.66 -18.046
3.68 -18.014
3.7 -18.343
3.72 -19.326
3.74 -21.259
3.76 -23.812
3.78 -24.846
3.8 -24.273
3.82 -25.126
3.84 -30.973
3.86 -30.089
3.88 -21.216
3.9 -17.75
3.92 -17.422
3.94 -18.982
3.96 -15.666
3.98 -10.313
4 -6.846
4.02 -5.065
4.04 -4.701
4.06 -5.658
4.08 -8.034
4.1 -12.187
4.12 -18.666
4.14 -21.602
4.16 -18.824
4.18 -18.357
4.2 -20.098
4.22 -23.997
4.24 -28.402
4.26 -25.637
4.28 -21.562
4.3 -19.351
4.32 -18.914
4.34 -20.397
4.36 -23.988
4.38 -25.66
4.4 -22.041
4.42 -19.505
4.44 -18.486
4.46 -18.495
4.48 -19.196
4.5 -19.863
4.52 -19.925
4.54 -20.478
4.56 -21.596
4.58 -22.15
4.6 -20.809
4.62 -17.869
4.64 -15.378
4.66 -13.976
4.68 -13.514
4.7 -13.891
4.72 -15.07
4.74 -17.017
4.76 -19.545
4.78 -22.252
4.8 -24.166
4.82 -24.218
4.84 -23.55
4.86 -23.124
4.88 -22.929
4.9 -22.813
4.92 -22.486
4.94 -21.963
4.96 -21.546
4.98 -21.365
5 -21.533
5.02 -22.064
5.04 -22.694
5.06 -23.241
5.08 -23.723
5.1 -24.209
5.12 -24.954
5.14 -26.123
5.16 -27.558
5.18 -28.947
5.2 -29.884
5.22 -29.86
5.24 -29.3
5.26 -29.14
5.28 -29.869
5.3 -31.362
5.32 -32.748
5.34 -32.269
5.36 -29.577
5.38 -27.782
5.4 -27.443
5.42 -28.562
5.44 -31.052
5.46 -33.175
5.48 -33.453
5.5 -33.664
5.52 -34.332
5.54 -32.968
5.56 -30.578
5.58 -29.126
5.6 -29.298
5.62 -31.323
5.64 -32.861
5.66 -32.799
5.68 -30.741
5.7 -28.005
5.72 -26.148
5.74 -25.147
5.76 -24.939
5.78 -25.415
5.8 -26.292
5.82 -27.25
5.84 -28.241
5.86 -29.234
5.88 -29.708
5.9 -28.562
5.92 -27.311
5.94 -26.45
5.96 -26.228
5.98 -26.826
6 -28.277
6.02 -29.826
6.04 -30.742
6.06 -30.986
6.08 -30.968
6.1 -30.243
6.12 -30.127
6.14 -30.379
6.16 -30.412
6.18 -30.122
6.2 -29.923
6.22 -29.945
6.24 -29.957
6.26 -29.783
6.28 -29.482
6.3 -29.552
6.32 -30.116
6.34 -31.017
6.36 -32.045
6.38 -32.983
6.4 -33.573
6.42 -33.774
6.44 -33.742
6.46 -33.658
6.48 -33.821
6.5 -34.254
6.52 -34.816
6.54 -35.663
6.56 -35.743
6.58 -34.324
6.6 -32.882
6.62 -32.159
6.64 -32.246
6.66 -33.123
6.68 -34.415
6.7 -34.995
6.72 -33.003
6.74 -29.476
6.76 -27.174
6.78 -25.966
6.8 -25.666
6.82 -26.215
6.84 -27.587
6.86 -29.756
6.88 -32.529
6.9 -35.145
6.92 -36.221
6.94 -35.202
6.96 -33.888
6.98 -32.892
7 -32.478
7.02 -32.875
7.04 -34.152
7.06 -34.737
7.08 -34.473
7.1 -33.991
7.12 -33.785
7.14 -34.145
7.16 -35.13
7.18 -35.869
7.2 -35.213
7.22 -33.28
7.24 -31.546
7.26 -30.397
7.28 -29.868
7.3 -29.962
7.32 -30.762
7.34 -32.511
7.36 -34.565
7.38 -33.674
7.4 -31.199
7.42 -29.356
7.44 -28.489
7.46 -28.547
7.48 -29.469
7.5 -31.092
7.52 -33.033
7.54 -34.922
7.56 -36.301
7.58 -36.539
7.6 -36.606
7.62 -36.984
7.64 -37.495
7.66 -38.713
7.68 -41.307
7.7 -41.204
7.72 -36.155
7.74 -32.332
7.76 -29.874
7.78 -28.481
7.8 -27.961
7.82 -28.235
7.84 -29.224
7.86 -30.789
7.88 -32.598
7.9 -33.969
7.92 -34.348
7.94 -34.312
7.96 -34.865
7.98 -36.265
8 -38.519
8.02 -41.137
8.04 -42.655
8.06 -41.957
8.08 -41.104
8.1 -41.123
8.12 -41.681
8.14 -41.829
8.16 -40.198
8.18 -38.193
8.2 -36.885
8.22 -36.269
8.24 -36.264
8.26 -36.759
8.28 -37.633
8.3 -38.711
8.32 -39.871
8.34 -41.313
8.36 -43.392
8.38 -46.172
8.4 -47.747
8.42 -45.562
8.44 -42.85
8.46 -41.169
8.48 -40.039
8.5 -39.069
8.52 -38.217
8.54 -37.705
8.56 -37.735
8.58 -38.309
8.6 -39.282
8.62 -40.313
8.64 -40.923
8.66 -41.263
8.68 -41.66
8.7 -42.279
8.72 -43.393
8.74 -45.176
8.76 -47.719
8.78 -49.807
8.8 -49.972
8.82 -47.619
8.84 -45.072
8.86 -42.741
8.88 -40.605
8.9 -38.962
8.92 -37.932
8.94 -37.6
8.96 -37.99
8.98 -39.067
9 -40.744
9.02 -42.733
9.04 -44.576
9.06 -45.852
9.08 -46.318
9.1 -45.352
9.12 -43.634
9.14 -42.322
9.16 -41.899
9.18 -42.532
9.2 -44.292
9.22 -47.221
9.24 -50.521
9.26 -50.745
9.28 -49.45
9.3 -47.391
9.32 -45.996
9.34 -45.635
9.36 -46.059
9.38 -47.131
9.4 -48.767
9.42 -51.112
9.44 -53.263
9.46 -52.866
9.48 -51.058
9.5 -49.087
9.52 -47.944
9.54 -48.032
9.56 -48.922
9.58 -48.804
9.6 -48.39
9.62 -47.686
9.64 -46.595
9.66 -45.458
9.68 -44.497
9.7 -43.875
9.72 -43.685
9.74 -44.051
9.76 -45.282
9.78 -47.634
9.8 -51.22
9.82 -51.509
9.84 -49.829
9.86 -51.544
9.88 -50.77
9.9 -44.1
9.92 -39.483
9.94 -36.857
9.96 -35.846
9.98 -36.323
10 -38.424
10.02 -42.565
10.04 -47.853
10.06 -47.361
10.08 -43.654
10.1 -42.737
10.12 -43.393
10.14 -45.073
10.16 -47.316
10.18 -49.486
10.2 -50.325
10.22 -49.85
10.24 -49.642
10.26 -50.272
10.28 -50.482
10.3 -49.398
10.32 -48.216
10.34 -47.681
10.36 -47.755
10.38 -47.613
10.4 -46.357
10.42 -44.84
10.44 -43.944
10.46 -43.995
10.48 -44.983
10.5 -46.416
10.52 -47.113
10.54 -46.472
10.56 -45.407
10.58 -44.731
10.6 -44.632
10.62 -44.759
10.64 -44.38
10.66 -43.406
10.68 -42.232
10.7 -41.287
10.72 -40.792
10.74 -40.827
10.76 -41.504
10.78 -42.96
10.8 -45.503
10.82 -49.281
10.84 -51.595
10.86 -49.308
10.88 -46.78
10.9 -45.96
10.92 -46.764
10.94 -49.46
10.96 -54.106
10.98 -54.872
11 -50.463
11.02 -46.022
11.04 -43.136
11.06 -41.358
11.08 -40.414
11.1 -40.138
11.12 -40.461
11.14 -41.291
11.16 -42.56
11.18 -44.077
11.2 -45.577
11.22 -46.838
11.24 -47.822
11.26 -48.765
11.28 -49.6
11.3 -49.51
11.32 -48.334
11.34 -47.12
11.36 -46.717
11.38 -47.725
11.4 -51.122
11.42 -56.051
11.44 -49.591
11.46 -44.125
11.48 -41.018
11.5 -39.261
11.52 -38.437
11.54 -38.35
11.56 -38.921
11.58 -40.195
11.6 -42.268
11.62 -45.203
11.64 -48.675
11.66 -50.791
11.68 -50.526
11.7 -50.134
11.72 -50.809
11.74 -52.821
11.76 -55.733
11.78 -57.564
11.8 -56.672
11.82 -54.214
11.84 -52.915
11.86 -52.397
11.88 -51.495
11.9 -50.474
11.92 -49.588
11.94 -49.114
11.96 -49.135
11.98 -49.688
12 -50.641
12.02 -51.423
12.04 -51.36
12.06 -50.251
12.08 -48.99
12.1 -48.094
12.12 -47.822
12.14 -48.252
12.16 -49.404
12.18 -51.227
12.2 -53.238
12.22 -54.784
12.24 -55.414
12.26 -55.057
12.28 -53.793
12.3 -52.007
12.32 -50.148
12.34 -48.646
12.36 -48.018
12.38 -48.459
12.4 -50.184
12.42 -53.486
12.44 -57.886
12.46 -58.334
12.48 -56.789
12.5 -56.391
12.52 -56.241
12.54 -56.164
12.56 -56.798
12.58 -55.698
12.6 -53.734
12.62 -51.643
12.64 -50.095
12.66 -49.914
12.68 -51.804
12.7 -57.702
12.72 -60.402
12.74 -51.167
12.76 -47.178
12.78 -45.477
12.8 -45.364
12.82 -46.698
12.84 -49.785
12.86 -55.161
12.88 -57.785
12.9 -52.775
12.92 -48.999
12.94 -46.653
12.96 -45.114
12.98 -44.146
13 -43.708
13.02 -43.854
13.04 -44.673
13.06 -46.347
13.08 -49.225
13.1 -54.192
13.12 -64.239
13.14 -62.203
13.16 -56.796
13.18 -55.187
13.2 -55.299
13.22 -55.738
13.24 -54.487
13.26 -52.173
13.28 -50.638
13.3 -50.463
13.32 -52.002
13.34 -56.116
13.36 -63.577
13.38 -57.004
13.4 -52.545
13.42 -50.692
13.44 -50.467
13.46 -51.507
13.48 -53.664
13.5 -56.877
13.52 -61.097
13.54 -64.915
13.56 -63.072
13.58 -58.056
13.6 -54.684
13.62 -53.071
13.64 -53.089
13.66 -55.111
13.68 -59.724
13.7 -60.768
13.72 -54.57
13.74 -51.404
13.76 -50.283
13.78 -50.68
13.8 -52.258
13.82 -54.796
13.84 -57.763
13.86 -60.032
13.88 -61.014
13.9 -60.7
13.92 -59.604
13.94 -58.968
13.96 -59.085
13.98 -59.581
14 -59.555
14.02 -58.371
14.04 -56.54
14.06 -54.897
14.08 -53.857
14.1 -53.261
14.12 -52.404
14.14 -50.681
14.16 -48.658
14.18 -47.038
14.2 -46.172
14.22 -46.126
14.24 -46.958
14.26 -48.733
14.28 -51.626
14.3 -55.963
14.32 -62.31
14.34 -68.872
14.36 -68.213
14.38 -66.844
14.4 -64.961
14.42 -61.542
14.44 -58.398
14.46 -56.371
14.48 -54.968
14.5 -53.797
14.52 -52.844
14.54 -52.498
14.56 -53.164
14.58 -55.306
14.6 -59.349
14.62 -61.571
14.64 -57.584
14.66 -54.991
14.68 -54.544
14.7 -56.217
14.72 -60.687
14.74 -65.126
14.76 -60.235
14.78 -56.632
14.8 -55.375
14.82 -55.576
14.84 -56.383
14.86 -56.74
14.88 -56.222
14.9 -55.572
14.92 -55.21
14.94 -55.152
14.96 -55.38
14.98 -55.948
15 -56.929
15.02 -58.132
15.04 -59.25
15.06 -59.713
15.08 -59.325
15.1 -58.718
15.12 -58.545
15.14 -59.16
15.16 -59.4
15.18 -56.743
15.2 -53.074
15.22 -50.362
15.24 -48.816
15.26 -48.33
15.28 -48.824
15.3 -50.25
15.32 -52.492
15.34 -55.45
15.36 -59.227
15.38 -65.247
15.4 -69.77
15.42 -62.053
15.44 -57.712
15.46 -55.741
15.48 -55.3
15.5 -56.088
15.52 -57.932
15.54 -60.563
15.56 -62.645
15.58 -61.685
15.6 -58.893
15.62 -56.497
15.64 -54.903
15.66 -53.994
15.68 -53.597
15.7 -53.616
15.72 -53.969
15.74 -54.73
15.76 -55.993
15.78 -57.882
15.8 -60.271
15.82 -62.198
15.84 -61.869
15.86 -59.571
15.88 -56.926
15.9 -54.706
15.92 -53.227
15.94 -52.606
15.96 -52.908
15.98 -54.084
16 -56.112
16.02 -58.605
16.04 -60.56
16.06 -61.257
16.08 -61.629
16.1 -62.971
16.12 -66.03
16.14 -71.03
16.16 -69.92
16.18 -65.58
16.2 -62.663
16.22 -60.377
16.24 -58.407
16.26 -56.945
16.28 -56.217
16.3 -56.335
16.32 -57.383
16.34 -59.512
16.36 -63.068
16.38 -68.722
16.4 -71.461
16.42 -66.01
16.44 -63.075
16.46 -61.824
16.48 -61.939
16.5 -63.534
16.52 -67.15
16.54 -72.594
16.56 -70.451
16.58 -66.217
16.6 -65.136
16.62 -66.579
16.64 -70.618
16.66 -70.18
16.68 -65.537
16.7 -63.287
16.72 -63.121
16.74 -64.728
16.76 -66.211
16.78 -64.474
16.8 -62.014
16.82 -60.643
16.84 -60.723
16.86 -62.286
16.88 -65.017
16.9 -66.766
16.92 -65.346
16.94 -63.439
16.96 -62.171
16.98 -60.824
17 -58.95
17.02 -57.047
17.04 -55.665
17.06 -54.97
17.08 -55.006
17.1 -55.782
17.12 -57.341
17.14 -59.861
17.16 -63.901
17.18 -71.718
17.2 -78.105
17.22 -67.77
17.24 -64.173
17.26 -62.756
17.28 -62.476
17.3 -62.714
17.32 -62.86
17.34 -62.753
17.36 -62.762
17.38 -63.311
17.4 -64.397
17.42 -65.844
17.44 -67.735
17.46 -69.76
17.48 -69.582
17.5 -67.134
17.52 -64.419
17.54 -62.266
17.56 -60.998
17.58 -60.731
17.6 -61.517
17.62 -63.126
17.64 -64.415
17.66 -64.021
17.68 -63.27
17.7 -63.645
17.72 -65.77
17.74 -69.511
17.76 -68.78
17.78 -64.235
17.8 -61.364
17.82 -60.011
17.84 -59.723
17.86 -60.211
17.88 -60.949
17.9 -61.246
17.92 -60.873
17.94 -60.387
17.96 -60.352
17.98 -60.913
18 -61.705
18.02 -61.916
18.04 -61.406
18.06 -61.148
18.08 -61.969
18.1 -64.648
18.12 -70.822
18.14 -80.179
18.16 -71.22
18.18 -69.26
18.2 -71.988
18.22 -77.713
18.24 -69.943
18.26 -64.394
18.28 -61.837
18.3 -60.881
18.32 -61.022
18.34 -61.968
18.36 -63.537
18.38 -65.574
18.4 -67.827
18.42 -69.744
18.44 -70.796
18.46 -71.022
18.48 -70.497
18.5 -69.465
18.52 -68.475
18.54 -67.846
18.56 -67.597
18.58 -67.598
18.6 -67.661
18.62 -67.801
18.64 -68.267
18.66 -69.091
18.68 -69.461
18.7 -68.429
18.72 -67.11
18.74 -66.284
18.76 -66.028
18.78 -66.285
18.8 -66.826
18.82 -67.079
18.84 -66.421
18.86 -64.942
18.88 -63.44
18.9 -62.435
18.92 -62.001
18.94 -62.009
18.96 -62.21
18.98 -62.514
19 -63.174
19.02 -64.626
19.04 -67.287
19.06 -70.887
19.08 -73.64
19.1 -74.629
19.12 -73.427
19.14 -72.288
19.16 -71.567
19.18 -70.924
19.2 -70.33
19.22 -70.019
19.24 -70.1
19.26 -70.533
19.28 -71.248
19.3 -71.94
19.32 -72.277
19.34 -72.173
19.36 -71.795
19.38 -71.469
19.4 -71.344
19.42 -71.516
19.44 -71.938
19.46 -72.412
19.48 -72.503
19.5 -71.826
19.52 -70.668
19.54 -69.574
19.56 -68.982
19.58 -69.178
19.6 -70.338
19.62 -72.329
19.64 -73.257
19.66 -71.606
19.68 -69.704
19.7 -68.855
19.72 -69.187
19.74 -70.511
19.76 -71.996
19.78 -72.231
19.8 -71.369
19.82 -70.691
19.84 -70.739
19.86 -71.607
19.88 -73.334
19.9 -75.652
19.92 -77.549
19.94 -77.628
19.96 -77.146
19.98 -77.616
20 -79.459
20.02 -79.325
20.04 -76.374
20.06 -73.36
20.08 -71.376
20.1 -70.312
20.12 -69.722
20.14 -69.016
20.16 -67.914
20.18 -66.685
20.2 -65.783
20.22 -65.47
20.24 -65.866
20.26 -66.958
20.28 -68.542
20.3 -70.022
20.32 -70.732
20.34 -70.956
20.36 -71.586
20.38 -73.187
20.4 -76.068
20.42 -80.847
20.44 -89.414
20.46 -88.423
20.48 -82.646
20.5 -80.155
20.52 -79.615
20.54 -80.351
20.56 -82.039
20.58 -82.967
20.6 -79.168
20.62 -77.194
20.64 -77.337
20.66 -80.458
20.68 -88
20.7 -79.379
20.72 -73.868
20.74 -71.243
20.76 -70.432
20.78 -70.875
20.8 -72.09
20.82 -73.408
20.84 -74.242
20.86 -74.141
20.88 -72.652
20.9 -70.803
20.92 -69.726
20.94 -69.775
20.96 -71.033
20.98 -73.545
21 -77.363
21.02 -80.047
21.04 -77.055
21.06 -73.914
21.08 -72.593
21.1 -72.932
21.12 -74.641
21.14 -76.795
21.16 -77.739
21.18 -78.773
21.2 -82.848
21.22 -88.949
21.24 -79.369
21.26 -74.642
21.28 -72.883
21.3 -73.219
21.32 -75.768
21.34 -81.825
21.36 -85.941
21.38 -79.04
21.4 -76.815
21.42 -77.761
21.44 -81.613
21.46 -81.342
21.48 -75.16
21.5 -71.857
21.52 -70.526
21.54 -70.732
21.56 -72.394
21.58 -75.629
21.6 -79.988
21.62 -80.442
21.64 -78.685
21.66 -78.629
21.68 -80.47
21.7 -81.602
21.72 -78.23
21.74 -75.245
21.76 -73.403
21.78 -72.49
21.8 -72.245
21.82 -72.436
21.84 -72.917
21.86 -73.542
21.88 -74.028
21.9 -73.8
21.92 -72.513
21.94 -70.695
21.96 -69.043
21.98 -67.93
22 -67.437
22.02 -67.612
22.04 -68.414
22.06 -69.628
22.08 -70.76
22.1 -71.163
22.12 -71.058
22.14 -71.277
22.16 -72.466
22.18 -75.151
22.2 -80.388
22.22 -91.525
22.24 -85.678
22.26 -80.987
22.28 -78.709
22.3 -76.497
22.32 -74.044
22.34 -71.915
22.36 -70.498
22.38 -69.806
22.4 -69.787
22.42 -70.4
22.44 -71.544
22.46 -73.163
22.48 -75.046
22.5 -76.622
22.52 -76.663
22.54 -74.798
22.56 -72.588
22.58 -70.98
22.6 -70.323
22.62 -70.839
22.64 -72.842
22.66 -76.875
22.68 -80.118
22.7 -76.024
22.72 -72.977
22.74 -71.797
22.76 -71.977
22.78 -73.248
22.8 -75.535
22.82 -78.94
22.84 -83.738
22.86 -88.85
22.88 -91.86
22.9 -91.189
22.92 -90.413
22.94 -88.551
22.96 -85.727
22.98 -83.418
23 -81.767
23.02 -80.315
23.04 -78.789
23.06 -77.41
23.08 -76.665
23.1 -76.743
23.12 -77.457
23.14 -78.203
23.16 -78.648
23.18 -79.354
23.2 -81.203
23.22 -84.514
23.24 -85.508
23.26 -81.093
23.28 -78.054
23.3 -77.061
23.32 -77.715
23.34 -79.218
23.36 -78.346
23.38 -75.21
23.4 -72.801
23.42 -71.647
23.44 -71.692
23.46 -72.882
23.48 -75.336
23.5 -79.386
23.52 -85.975
23.54 -92.032
23.56 -87.633
23.58 -85.941
23.6 -86.265
23.62 -88.835
23.64 -94.311
23.66 -90.459
23.68 -83.057
23.7 -78.961
23.72 -76.453
23.74 -74.939
23.76 -73.857
23.78 -72.662
23.8 -71.176
23.82 -69.855
23.84 -69.255
23.86 -69.729
23.88 -71.566
23.9 -75.056
23.92 -78.889
23.94 -77.339
23.96 -75.019
23.98 -74.614
24 -75.903
24.02 -78.552
24.04 -81.297
24.06 -82.421
24.08 -82.869
24.1 -83.935
24.12 -85.115
24.14 -83.724
24.16 -79.092
24.18 -76.445
24.2 -75.524
24.22 -76.187
24.24 -78.59
24.26 -83.325
24.28 -90.388
24.3 -87.658
24.32 -85.776
24.34 -86.041
24.36 -85.843
24.38 -83.858
24.4 -82.092
24.42 -81.405
24.44 -81.724
24.46 -82.544
24.48 -83.079
24.5 -82.686
24.52 -81.505
24.54 -80.471
24.56 -80.158
24.58 -80.815
24.6 -82.641
24.62 -83.941
24.64 -82.497
24.66 -79.744
24.68 -77.662
24.7 -76.656
24.72 -76.641
24.74 -77.357
24.76 -78.447
24.78 -79.437
24.8 -80.052
24.82 -80.354
24.84 -80.335
24.86 -79.551
24.88 -77.785
24.9 -75.915
24.92 -74.482
24.94 -73.635
24.96 -73.378
24.98 -73.743
25 -74.766
25.02 -76.495
25.04 -79.042
25.06 -82.722
25.08 -88.541
25.1 -94.829
25.12 -91.223
25.14 -86.104
25.16 -83.743
25.18 -83.225
25.2 -84.44
25.22 -87.377
25.24 -85.62
25.26 -81.454
25.28 -78.734
25.3 -77.394
25.32 -77.221
25.34 -78.064
25.36 -79.849
25.38 -82.645
25.4 -86.858
25.42 -94.364
25.44 -92.457
25.46 -86.365
25.48 -83.326
25.5 -82.253
25.52 -82.904
25.54 -85.219
25.56 -86.227
25.58 -83.054
25.6 -79.828
25.62 -77.939
25.64 -77.305
25.66 -77.734
25.68 -79.146
25.7 -81.363
25.72 -83.747
25.74 -84.877
25.76 -84.678
25.78 -84.885
25.8 -86.102
25.82 -86.647
25.84 -84.669
25.86 -82.901
25.88 -82.404
25.9 -83.14
25.92 -84.498
25.94 -85.289
25.96 -84.926
25.98 -84.692
26 -84.996
26.02 -84.504
26.04 -82.556
26.06 -80.636
26.08 -79.51
26.1 -79.187
26.12 -79.575
26.14 -80.497
26.16 -81.861
26.18 -83.661
26.2 -85.676
26.22 -86.946
26.24 -86.084
26.26 -84.265
26.28 -82.858
26.3 -82.193
26.32 -82.268
26.34 -83.008
26.36 -84.245
26.38 -85.899
26.4 -87.74
26.42 -89.094
26.44 -89.459
26.46 -89.134
26.48 -88.775
26.5 -89.053
26.52 -89.946
26.54 -90.045
26.56 -89.131
26.58 -88.845
26.6 -88.685
26.62 -87.09
26.64 -85.522
26.66 -84.863
26.68 -85.127
26.7 -86.076
26.72 -87.495
26.74 -89.002
26.76 -90.005
26.78 -89.784
26.8 -88.432
26.82 -87.184
26.84 -86.599
26.86 -86.74
26.88 -87.52
26.9 -88.581
26.92 -88.942
26.94 -87.473
26.96 -85.358
26.98 -83.94
27 -83.526
27.02 -83.892
27.04 -84.438
27.06 -84.76
27.08 -84.847
27.1 -85.152
27.12 -86.155
27.14 -87.97
27.16 -90.173
27.18 -91.996
27.2 -93.052
27.22 -93.14
27.24 -92.051
27.26 -90.598
27.28 -88.976
27.3 -87.16
27.32 -85.487
27.34 -84.193
27.36 -83.408
27.38 -83.246
27.4 -83.731
27.42 -84.888
27.44 -86.589
27.46 -88.398
27.48 -89.918
27.5 -91.253
27.52 -92.237
27.54 -91.633
27.56 -89.843
27.58 -88.175
27.6 -87.607
27.62 -87.934
27.64 -88.469
27.66 -90.357
27.68 -95.699
27.7 -101.934
27.72 -92.442
27.74 -88.208
27.76 -86.779
27.78 -86.696
27.8 -87.331
27.82 -87.913
27.84 -87.198
27.86 -85.9
27.88 -85.076
27.9 -84.729
27.92 -84.703
27.94 -85.42
27.96 -87.14
27.98 -89.912
28 -91
28.02 -89.114
28.04 -87.567
28.06 -86.636
28.08 -86.001
28.1 -85.263
28.12 -84.245
28.14 -83.244
28.16 -82.47
28.18 -82.207
28.2 -82.373
28.22 -82.776
28.24 -83.223
28.26 -83.517
28.28 -83.777
28.3 -84.027
28.32 -84.271
28.34 -84.457
28.36 -84.547
28.38 -84.671
28.4 -84.798
28.42 -84.631
28.44 -84.63
28.46 -85.307
28.48 -86.95
28.5 -88.598
28.52 -87.609
28.54 -86.086
28.56 -85.61
28.58 -86.4
28.6 -88.667
28.62 -92.181
28.64 -95.223
28.66 -95.948
28.68 -94.73
28.7 -91.987
28.72 -89.644
28.74 -88.733
28.76 -89.233
28.78 -90.615
28.8 -91.91
28.82 -92.715
28.84 -93.033
28.86 -91.566
28.88 -89.408
28.9 -87.599
28.92 -86.254
28.94 -84.768
28.96 -83.024
28.98 -81.663
29 -81.492
29.02 -83.834
29.04 -90.334
29.06 -80.898
29.08 -73.959
29.1 -69.955
29.12 -67.663
29.14 -66.664
29.16 -66.807
29.18 -67.546
29.2 -68.673
29.22 -70.469
29.24 -73.363
29.26 -78.25
29.28 -84.973
29.3 -83.166
29.32 -81.742
29.34 -82.765
29.36 -84.285
29.38 -79.696
29.4 -75.42
29.42 -72.889
29.44 -71.538
29.46 -70.87
29.48 -70.211
29.5 -69.241
29.52 -69.051
29.54 -69.94
29.56 -71.824
29.58 -73.845
29.6 -75.864
29.62 -76.317
29.64 -75.566
29.66 -75.674
29.68 -76.483
29.7 -77.529
29.72 -78.982
29.74 -81.097
29.76 -82.951
29.78 -82.803
29.8 -82.129
29.82 -81.552
29.84 -81.014
29.86 -81.023
29.88 -81.934
29.9 -83.376
29.92 -83.798
29.94 -83.411
29.96 -83.044
29.98 -83.302
30 -84.244
30.02 -85.063
30.04 -86.315
30.06 -88.824
30.08 -91.293
30.1 -91.441
30.12 -89.311
30.14 -88.193
30.16 -88.38
30.18 -90.161
30.2 -93.619
30.22 -91.545
30.24 -88.672
30.26 -87.569
30.28 -88.471
30.3 -91.882
30.32 -97.846
30.34 -96.119
30.36 -92.093
30.38 -91.809
30.4 -93.964
30.42 -95.347
30.44 -94.35
30.46 -92.763
30.48 -92.854
30.5 -92.849
30.52 -90.684
30.54 -88.136
30.56 -85.776
30.58 -84.152
30.6 -83.568
30.62 -83.979
30.64 -85.584
30.66 -87.955
30.68 -90.631
30.7 -92.627
30.72 -89.759
30.74 -87.919
30.76 -87.599
30.78 -88.203
30.8 -89.345
30.82 -90.326
30.84 -90.789
30.86 -90.849
30.88 -91.07
30.9 -91.511
30.92 -92.028
30.94 -92.048
30.96 -92.937
30.98 -93.906
31 -91.62
31.02 -90.321
31.04 -90.183
31.06 -90.357
31.08 -89.263
31.1 -88.27
31.12 -88.218
31.14 -88.504
31.16 -88.634
31.18 -88.073
31.2 -86.923
31.22 -85.352
31.24 -83.875
31.26 -83.085
31.28 -83.523
31.3 -85.215
31.32 -88.013
31.34 -91.307
31.36 -93.015
31.38 -93.387
31.4 -93.022
31.42 -90.194
31.44 -87.329
31.46 -84.96
31.48 -83.014
31.5 -81.499
31.52 -80.569
31.54 -80.435
31.56 -81.205
31.58 -83.071
31.6 -86.195
31.62 -90.817
31.64 -96.644
31.66 -97.705
31.68 -92.872
31.7 -87.399
31.72 -83.918
31.74 -82.013
31.76 -81.492
31.78 -82.301
31.8 -84.204
31.82 -86.095
31.84 -86.082
31.86 -84.68
31.88 -83.752
31.9 -83.853
31.92 -84.924
31.94 -86.846
31.96 -88.413
31.98 -89.483
32 -90.232
32.02 -90.56
32.04 -90.197
32.06 -89.316
32.08 -88.347
32.1 -88.2
32.12 -89.133
32.14 -90.062
32.16 -89.107
32.18 -87.127
32.2 -85.024
32.22 -83.369
32.24 -82.418
32.26 -82.234
32.28 -82.755
32.3 -83.716
32.32 -84.468
32.34 -84.629
32.36 -84.984
32.38 -86.001
32.4 -87.247
32.42 -87.782
32.44 -87.759
32.46 -88.032
32.48 -88.572
32.5 -88.508
32.52 -87.269
32.54 -85.796
32.56 -84.787
32.58 -84.226
32.6 -83.984
32.62 -84.16
32.64 -84.766
32.66 -85.573
32.68 -85.886
32.7 -85.323
32.72 -84.612
32.74 -84.246
32.76 -83.985
32.78 -83.7
32.8 -83.748
32.82 -84.717
32.84 -87.098
32.86 -90.914
32.88 -92.425
32.9 -91.157
32.92 -89.789
32.94 -89.109
32.96 -89.038
32.98 -89.073
33 -88.817
33.02 -89.538
33.04 -91.601
33.06 -94.518
33.08 -96.684
33.1 -96.766
33.12 -94.314
33.14 -91.169
33.16 -88.975
33.18 -87.953
33.2 -87.876
33.22 -88.327
33.24 -88.772
33.26 -88.999
33.28 -89.067
33.3 -89.416
33.32 -90.514
33.34 -92.467
33.36 -93.008
33.38 -92.02
33.4 -91.103
33.42 -90.878
33.44 -89.894
33.46 -87.552
33.48 -85.449
33.5 -84.379
33.52 -84.453
33.54 -85.454
33.56 -86.693
33.58 -85.694
33.6 -85.392
33.62 -86.468
33.64 -88.245
33.66 -89.16
33.68 -88.022
33.7 -85.953
33.72 -84.473
33.74 -84.013
33.76 -84.739
33.78 -86.673
33.8 -89.072
33.82 -89.218
33.84 -87.475
33.86 -86.146
33.88 -85.53
33.9 -85.587
33.92 -86.481
33.94 -88.324
33.96 -90.292
33.98 -90.133
34 -88.327
34.02 -87.106
34.04 -86.969
34.06 -87.936
34.08 -90.005
34.1 -92.793
34.12 -94.915
34.14 -94.935
34.16 -93.084
34.18 -90.946
34.2 -89.212
34.22 -87.838
34.24 -86.725
34.26 -85.929
34.28 -85.865
34.3 -86.765
34.32 -88.545
34.34 -90.351
34.36 -90.08
34.38 -89.508
34.4 -90.925
34.42 -95.073
34.44 -102.348
34.46 -102.692
34.48 -100.607
34.5 -98.924
34.52 -95.827
34.54 -94.088
34.56 -92.656
34.58 -90.24
34.6 -87.9
34.62 -86.552
34.64 -86.531
34.66 -87.953
34.68 -90.931
34.7 -93.09
34.72 -90.594
34.74 -87.909
34.76 -86.635
34.78 -86.825
34.8 -88.312
34.82 -90.099
34.84 -90.314
34.86 -89.55
34.88 -90.284
34.9 -92.684
34.92 -92.383
34.94 -91.267
34.96 -90.492
34.98 -88.662
35 -85.91
35.02 -83.886
35.04 -83.312
35.06 -84.355
35.08 -87.245
35.1 -92.168
35.12 -95.202
35.14 -92.815
35.16 -92.576
35.18 -94.046
35.2 -94.195
35.22 -91.157
35.24 -89.455
35.26 -89.234
35.28 -89.909
35.3 -90.284
35.32 -89.391
35.34 -88.317
35.36 -88.048
35.38 -88.981
35.4 -90.124
35.42 -88.699
35.44 -86.251
35.46 -84.451
35.48 -83.491
35.5 -83.468
35.52 -84.502
35.54 -86.438
35.56 -88.94
35.58 -91.76
35.6 -94.509
35.62 -96.1
35.64 -92.572
35.66 -87.998
35.68 -85.126
35.7 -83.727
35.72 -83.691
35.74 -85.116
35.76 -88.413
35.78 -94.385
35.8 -97.403
35.82 -93.775
35.84 -93.101
35.86 -94.702
35.88 -91.143
35.9 -88.012
35.92 -86.885
35.94 -87.344
35.96 -89.035
35.98 -92.37
36 -94.69
36.02 -92.305
36.04 -90.088
36.06 -88.953
36.08 -88.686
36.1 -88.896
36.12 -89.128
36.14 -89.161
36.16 -89.217
36.18 -89.137
36.2 -88.848
36.22 -88.298
36.24 -86.954
36.26 -85.653
36.28 -85.178
36.3 -85.613
36.32 -86.751
36.34 -87.908
36.36 -88.287
36.38 -89.06
36.4 -90.463
36.42 -90.77
36.44 -90.176
36.46 -89.368
36.48 -88.806
36.5 -88.686
36.52 -89.099
36.54 -89.594
36.56 -89.02
36.58 -88.101
36.6 -87.699
36.62 -88.56
36.64 -91.307
36.66 -95.443
36.68 -90.817
36.7 -85.89
36.72 -83.581
36.74 -82.909
36.76 -83.416
36.78 -84.846
36.8 -87.151
36.82 -90.155
36.84 -92.827
36.86 -93.03
36.88 -91.952
36.9 -91.231
36.92 -90.408
36.94 -88.845
36.96 -86.88
36.98 -85.153
37 -83.98
37.02 -83.246
37.04 -82.734
37.06 -82.351
37.08 -82.216
37.1 -82.617
37.12 -84.015
37.14 -86.62
37.16 -88.501
37.18 -87.991
37.2 -87.942
37.22 -89.119
37.24 -91.063
37.26 -91.916
37.28 -89.062
37.3 -87.024
37.32 -86.304
37.34 -86.435
37.36 -87.021
37.38 -87.591
37.4 -87.707
37.42 -87.176
37.44 -86.419
37.46 -86.086
37.48 -86.324
37.5 -86.793
37.52 -86.957
37.54 -86.847
37.56 -86.77
37.58 -86.819
37.6 -87.054
37.62 -87.416
37.64 -87.681
37.66 -87.681
37.68 -87.52
37.7 -87.127
37.72 -86.479
37.74 -85.942
37.76 -85.457
37.78 -84.811
37.8 -84.27
37.82 -84.277
37.84 -85.237
37.86 -87.419
37.88 -90.98
37.9 -95.184
37.92 -95.296
37.94 -93.35
37.96 -91.129
37.98 -89.32
38 -88.633
38.02 -89.483
38.04 -92.209
38.06 -96.753
38.08 -98.34
38.1 -94.581
38.12 -90.657
38.14 -87.36
38.16 -85.21
38.18 -84.227
38.2 -84.135
38.22 -84.429
38.24 -84.481
38.26 -84.111
38.28 -83.589
38.3 -83.384
38.32 -83.978
38.34 -85.623
38.36 -88.023
38.38 -89.188
38.4 -88.681
38.42 -88.751
38.44 -90.433
38.46 -93.581
38.48 -95.732
38.5 -96.782
38.52 -96.314
38.54 -96.275
38.56 -96.276
38.58 -94.19
38.6 -91.851
38.62 -90.536
38.64 -90.152
38.66 -90.733
38.68 -92.335
38.7 -95.153
38.72 -98.81
38.74 -98.161
38.76 -94.526
38.78 -93.164
38.8 -93.977
38.82 -97.355
38.84 -97.924
38.86 -92.162
38.88 -87.632
38.9 -84.889
38.92 -83.429
38.94 -83.084
38.96 -83.876
38.98 -85.857
39 -88.133
39.02 -88.463
39.04 -88.892
39.06 -89.768
39.08 -90.516
39.1 -90.678
39.12 -90.788
39.14 -91.269
39.16 -92.051
39.18 -91.473
39.2 -89.458
39.22 -87.685
39.24 -86.967
39.26 -87.525
39.28 -89.424
39.3 -92.054
39.32 -94.583
39.34 -94.388
39.36 -93.812
39.38 -93.003
39.4 -90.4
39.42 -90.065
39.44 -92.113
39.46 -92.615
39.48 -90.961
39.5 -90.26
39.52 -90.932
39.54 -91.172
39.56 -89.297
39.58 -87.206
39.6 -85.929
39.62 -85.591
39.64 -86.087
39.66 -87.334
39.68 -89.083
39.7 -87.36
39.72 -85.6
39.74 -85.133
39.76 -86.108
39.78 -88.629
39.8 -91.587
39.82 -90.073
39.84 -88.006
39.86 -87.37
39.88 -88.26
39.9 -90.558
39.92 -92.725
39.94 -90.824
39.96 -89.206
39.98 -87.922
40 -87.485
40.02 -88.445
40.04 -91.297
40.06 -93.679
40.08 -91.616
40.1 -89.858
40.12 -90.509
40.14 -92.832
40.16 -92.226
40.18 -90.418
40.2 -88.857
40.22 -88.541
40.24 -89.762
40.26 -91.774
40.28 -93.03
40.3 -93.807
40.32 -95.87
40.34 -97.895
40.36 -97.549
40.38 -95.164
40.4 -92.503
40.42 -89.456
40.44 -87.529
40.46 -86.928
40.48 -87.591
40.5 -89.475
40.52 -92.693
40.54 -97.311
40.56 -101.894
40.58 -98.519
40.6 -94.921
40.62 -92.673
40.64 -91.439
40.66 -90.905
40.68 -90.305
40.7 -89.558
40.72 -89.82
40.74 -90.686
40.76 -91.599
40.78 -92.915
40.8 -95.471
40.82 -97.228
40.84 -97.071
40.86 -93.384
40.88 -91.454
40.9 -91.845
40.92 -94.736
40.94 -97.583
40.96 -94.504
40.98 -90.836
41 -89.49
41.02 -89.932
41.04 -90.223
41.06 -87.77
41.08 -85.216
41.1 -84.111
41.12 -84.532
41.14 -86.446
41.16 -89.627
41.18 -93.656
41.2 -97.866
41.22 -97.548
41.24 -94.417
41.26 -92.531
41.28 -91.583
41.3 -90.434
41.32 -88.417
41.34 -86.68
41.36 -86.005
41.38 -86.452
41.4 -87.493
41.42 -88.171
41.44 -88.77
41.46 -90.366
41.48 -92.608
41.5 -90.526
41.52 -87.279
41.54 -85.609
41.56 -85.706
41.58 -87.418
41.6 -90.083
41.62 -90.353
41.64 -87.931
41.66 -86.028
41.68 -85.012
41.7 -84.581
41.72 -84.577
41.74 -84.88
41.76 -85.388
41.78 -85.627
41.8 -85.021
41.82 -83.735
41.84 -82.65
41.86 -82.466
41.88 -83.635
41.9 -86.556
41.92 -91.748
41.94 -95.768
41.96 -94.294
41.98 -91.858
42 -88.639
42.02 -85.498
42.04 -83.929
42.06 -83.81
42.08 -84.799
42.1 -86.374
42.12 -87.933
42.14 -88.706
42.16 -87.952
42.18 -86.862
42.2 -86.602
42.22 -87.641
42.24 -90.217
42.26 -92.997
42.28 -94.202
42.3 -95.006
42.32 -93.934
42.34 -90.182
42.36 -87.496
42.38 -86.147
42.4 -85.513
42.42 -85.161
42.44 -84.682
42.46 -84.441
42.48 -84.889
42.5 -86.229
42.52 -88.14
42.54 -90.464
42.56 -94.052
42.58 -95.182
42.6 -90.333
42.62 -87.249
42.64 -86.25
42.66 -87.023
42.68 -89.4
42.7 -92.987
42.72 -94.072
42.74 -91.198
42.76 -89.202
42.78 -88.895
42.8 -90.063
42.82 -91.318
42.84 -90.761
42.86 -89.721
42.88 -89.001
42.9 -88.72
42.92 -88.7
42.94 -88.745
42.96 -88.546
42.98 -88.117
43 -87.978
43.02 -88.811
43.04 -90.778
43.06 -93.381
43.08 -95.315
43.1 -93.872
43.12 -93.582
43.14 -93.227
43.16 -92.662
43.18 -92.045
43.2 -88.646
43.22 -86.168
43.24 -85.396
43.26 -86.078
43.28 -88.257
43.3 -92.542
43.32 -98.422
43.34 -93.185
43.36 -90.572
43.38 -89.931
43.4 -90.592
43.42 -90.89
43.44 -89.542
43.46 -89.245
43.48 -89.77
43.5 -89.81
43.52 -89.322
43.54 -89.036
43.56 -89.093
43.58 -89.687
43.6 -91.444
43.62 -95.267
43.64 -101.927
43.66 -97.305
43.68 -92.787
43.7 -89.758
43.72 -87.622
43.74 -86.535
43.76 -86.741
43.78 -88.691
43.8 -92.809
43.82 -97.853
43.84 -90.908
43.86 -86.952
43.88 -85.268
43.9 -85.2
43.92 -86.54
43.94 -88.573
43.96 -88.284
43.98 -87.17
44 -86.793
44.02 -87.617
44.04 -89.726
44.06 -91.245
44.08 -92.902
44.1 -94.281
44.12 -93.229
44.14 -90.663
44.16 -88.563
44.18 -87.307
44.2 -86.694
44.22 -86.189
44.24 -85.57
44.26 -85.222
44.28 -85.708
44.3 -86.761
44.32 -87.72
44.34 -88.556
44.36 -89.614
44.38 -91.155
44.4 -93.509
44.42 -97.935
44.44 -103.831
44.46 -93.581
44.48 -88.624
44.5 -86.203
44.52 -85.512
44.54 -86.03
44.56 -87.063
44.58 -87.159
44.6 -86.115
44.62 -84.931
44.64 -83.861
44.66 -82.885
44.68 -82.208
44.7 -82.086
44.72 -82.667
44.74 -83.539
44.76 -84.351
44.78 -85.117
44.8 -86.04
44.82 -87.277
44.84 -88.741
44.86 -89.886
44.88 -89.796
44.9 -89.07
44.92 -89.099
44.94 -89.792
44.96 -89.579
44.98 -89.405
45 -89.467
45.02 -89.238
45.04 -89.038
45.06 -89.649
45.08 -90.286
45.1 -89.111
45.12 -87.509
45.14 -85.842
45.16 -84.526
45.18 -83.827
45.2 -83.772
45.22 -84.727
45.24 -86.81
45.26 -90.284
45.28 -94.896
45.3 -94.002
45.32 -91.509
45.34 -90.16
45.36 -90.336
45.38 -91.656
45.4 -91.271
45.42 -89.282
45.44 -88.162
45.46 -88.186
45.48 -89.203
45.5 -90.911
45.52 -94.043
45.54 -94.355
45.56 -90.74
45.58 -88.879
45.6 -88.382
45.62 -88.585
45.64 -88.849
45.66 -88.833
45.68 -88.918
45.7 -89.329
45.72 -90.167
45.74 -91.265
45.76 -91.896
45.78 -89.56
45.8 -87.188
45.82 -86.318
45.84 -87.029
45.86 -89.487
45.88 -93.896
45.9 -95.636
45.92 -94.331
45.94 -93.599
45.96 -93.454
45.98 -94.106
46 -96.298
46.02 -97.868
46.04 -94.91
46.06 -91.892
46.08 -90.681
46.1 -90.543
46.12 -90.379
46.14 -90.319
46.16 -88.969
46.18 -87.088
46.2 -86.522
46.22 -87.249
46.24 -88.766
46.26 -89.775
46.28 -89.5
46.3 -88.934
46.32 -89.036
46.34 -90.154
46.36 -92.05
46.38 -92.332
46.4 -89.848
46.42 -88.98
46.44 -89.415
46.46 -89.703
46.48 -90.065
46.5 -92.14
46.52 -97.18
46.54 -93.403
46.56 -89.155
46.58 -87.652
46.6 -87.993
46.62 -89.33
46.64 -90.327
46.66 -90.082
46.68 -89.009
46.7 -87.746
46.72 -86.145
46.74 -85.113
46.76 -84.879
46.78 -85.508
46.8 -86.848
46.82 -88.622
46.84 -90.317
46.86 -92.032
46.88 -93.382
46.9 -92.859
46.92 -92.216
46.94 -92.433
46.96 -92.662
46.98 -91.688
47 -89.859
47.02 -88.199
47.04 -87.212
47.06 -87.277
47.08 -88.683
47.1 -91.934
47.12 -96.782
47.14 -97.804
47.16 -95.787
47.18 -92.931
47.2 -89.14
47.22 -86.506
47.24 -85.359
47.26 -85.687
47.28 -87.423
47.3 -90.343
47.32 -92.718
47.34 -92.603
47.36 -90.709
47.38 -89.396
47.4 -89.387
47.42 -91.252
47.44 -96.387
47.46 -96.84
47.48 -90.335
47.5 -86.183
47.52 -83.767
47.54 -82.701
47.56 -82.942
47.58 -84.664
47.6 -88.07
47.62 -91.586
47.64 -89.873
47.66 -87.672
47.68 -86.261
47.7 -85.423
47.72 -84.892
47.74 -84.622
47.76 -84.743
47.78 -85.392
47.8 -86.588
47.82 -88.047
47.84 -89.211
47.86 -89.573
47.88 -88.379
47.9 -85.609
47.92 -84.109
47.94 -84.088
47.96 -85.547
47.98 -88.41
48 -91.22
48.02 -90.54
48.04 -88.413
48.06 -86.321
48.08 -84.505
48.1 -83.622
48.12 -84.111
48.14 -86.236
48.16 -89.029
48.18 -88.916
48.2 -86.023
48.22 -84.273
48.24 -84.152
48.26 -85.297
48.28 -87.734
48.3 -91.197
48.32 -93.682
48.34 -94.66
48.36 -94.723
48.38 -95.194
48.4 -93.57
48.42 -90.308
48.44 -88.458
48.46 -88.542
48.48 -90.556
48.5 -93.248
48.52 -93.64
48.54 -92.552
48.56 -91.07
48.58 -89.88
48.6 -89.606
48.62 -90.543
48.64 -92.988
48.66 -96.301
48.68 -97.042
48.7 -94.205
48.72 -91.077
48.74 -88.888
48.76 -87.776
48.78 -87.71
48.8 -88.643
48.82 -90.132
48.84 -91.421
48.86 -90.973
48.88 -90.015
48.9 -90.068
48.92 -91.005
48.94 -90.353
48.96 -88.965
48.98 -88.082
49 -88.132
49.02 -88.675
49.04 -89.16
49.06 -89.938
49.08 -91.531
49.1 -92.096
49.12 -89.662
49.14 -86.895
49.16 -85.461
49.18 -85.706
49.2 -87.733
49.22 -92.019
49.24 -100.128
49.26 -99.992
49.28 -94.449
49.3 -91.528
49.32 -90.103
49.34 -89.619
49.36 -89.506
49.38 -88.596
49.4 -87.01
49.42 -85.456
49.44 -84.323
49.46 -83.413
49.48 -82.989
49.5 -83.176
49.52 -83.899
49.54 -84.692
49.56 -85.143
49.58 -85.403
49.6 -85.761
49.62 -86.308
49.64 -87.303
49.66 -88.93
49.68 -91.171
49.7 -91.955
49.72 -91.838
49.74 -93.148
49.76 -96.489
49.78 -97.137
49.8 -92.599
49.82 -89.615
49.84 -87.873
49.86 -86.879
49.88 -86.678
49.9 -87.48
49.92 -89.56
49.94 -92.431
49.96 -92.442
49.98 -91.061
50 -89.046
50.02 -85.84
50.04 -83.21
50.06 -81.613
50.08 -81.058
50.1 -81.298
50.12 -82.042
50.14 -82.865
50.16 -83.475
50.18 -83.877
50.2 -84.458
50.22 -85.494
50.24 -87.034
50.26 -88.021
50.28 -87.285
50.3 -85.45
50.32 -83.999
50.34 -83.529
50.36 -84.207
50.38 -86.17
50.4 -88.953
50.42 -88.945
50.44 -86.768
50.46 -85.222
50.48 -85.085
50.5 -86.229
50.52 -88.255
50.54 -89.518
50.56 -88.806
50.58 -87.761
50.6 -87.389
50.62 -87.643
50.64 -87.991
50.66 -87.794
50.68 -88.031
50.7 -89.452
50.72 -92.083
50.74 -93.652
50.76 -92.722
50.78 -92.801
50.8 -94.009
50.82 -93.568
50.84 -90.385
50.86 -88.211
50.88 -87.767
50.9 -88.929
50.92 -90.886
50.94 -90.014
50.96 -87.456
50.98 -85.437
51 -84.438
51.02 -84.177
51.04 -84.194
51.06 -83.994
51.08 -83.821
51.1 -84.213
51.12 -85.819
51.14 -89.297
51.16 -95.908
51.18 -95.531
51.2 -90.603
51.22 -88.163
51.24 -87.005
51.26 -87.04
51.28 -88.731
51.3 -92.858
51.32 -96.143
51.34 -91.707
51.36 -88.967
51.38 -88.653
51.4 -89.737
51.42 -91.508
51.44 -91.955
51.46 -89.77
51.48 -87.202
51.5 -85.839
51.52 -86.121
51.54 -88.137
51.56 -92.073
51.58 -94.551
51.6 -92.384
51.62 -91.535
51.64 -91.348
51.66 -90.125
51.68 -89.273
51.7 -89.124
51.72 -89.446
51.74 -89.611
51.76 -89.147
51.78 -88.073
51.8 -86.835
51.82 -85.708
51.84 -84.789
51.86 -83.9
51.88 -83.29
51.9 -83.345
51.92 -84.323
51.94 -85.973
51.96 -87.724
51.98 -89.003
52 -89.912
52.02 -90.849
52.04 -92.791
52.06 -95.976
52.08 -96.013
52.1 -92.282
52.12 -90.559
52.14 -91.206
52.16 -94.048
52.18 -94.14
52.2 -91.967
52.22 -89.902
52.24 -89.046
52.26 -89.078
52.28 -88.929
52.3 -88.421
52.32 -88.127
52.34 -87.97
52.36 -87.882
52.38 -87.845
52.4 -88.155
52.42 -88.514
52.44 -88.538
52.46 -88.488
52.48 -88.937
52.5 -90.096
52.52 -91.637
52.54 -92.585
52.56 -92.037
52.58 -90.182
52.6 -88.277
52.62 -87.228
52.64 -87.556
52.66 -89.93
52.68 -92.186
52.7 -90.619
52.72 -89.134
52.74 -89.179
52.76 -91.074
52.78 -91.541
52.8 -89.195
52.82 -87.766
52.84 -89.037
52.86 -94.923
52.88 -96.454
52.9 -87.725
52.92 -83.735
52.94 -81.751
52.96 -80.992
52.98 -80.959
53 -81.296
53.02 -81.771
53.04 -82.393
53.06 -83.174
53.08 -84.163
53.1 -85.296
53.12 -86.504
53.14 -87.427
53.16 -88.378
53.18 -89.796
53.2 -91.639
53.22 -93.278
53.24 -92.825
53.26 -90.196
53.28 -87.841
53.3 -87.282
53.32 -88.762
53.34 -92.124
53.36 -95.927
53.38 -96.648
53.4 -94.962
53.42 -94.155
53.44 -93.387
53.46 -92.278
53.48 -90.581
53.5 -89.421
53.52 -89.433
53.54 -90.289
53.56 -91.268
53.58 -92.447
53.6 -93.783
53.62 -92.05
53.64 -89.303
53.66 -87.385
53.68 -86.673
53.7 -86.565
53.72 -86.507
53.74 -86.325
53.76 -86.439
53.78 -87.134
53.8 -88.638
53.82 -90.157
53.84 -89.714
53.86 -88.183
53.88 -86.932
53.9 -85.85
53.92 -85.298
53.94 -85.468
53.96 -86.083
53.98 -86.431
54 -86.106
54.02 -85.156
54.04 -84.105
54.06 -83.683
54.08 -84.352
54.1 -86.669
54.12 -91.577
54.14 -97.587
54.16 -96.872
54.18 -97.751
54.2 -103.123
54.22 -93.365
54.24 -88.351
54.26 -86.469
54.28 -86.49
54.3 -87.794
54.32 -88.05
54.34 -87.395
54.36 -85.554
54.38 -83.885
54.4 -83.8
54.42 -84.961
54.44 -85.79
54.46 -84.961
54.48 -83.643
54.5 -82.546
54.52 -81.655
54.54 -81.174
54.56 -81.385
54.58 -82.432
54.6 -84.186
54.62 -86.249
54.64 -87.268
54.66 -86.92
54.68 -86.495
54.7 -86.356
54.72 -86.634
54.74 -86.996
54.76 -86.808
54.78 -86.219
54.8 -85.944
54.82 -86.531
54.84 -87.982
54.86 -89.087
54.88 -87.347
54.9 -86.524
54.92 -87.494
54.94 -90.619
54.96 -95.383
54.98 -91.446
55 -87.039
55.02 -84.661
55.04 -83.735
55.06 -83.984
55.08 -85.087
55.1 -86.573
55.12 -87.286
55.14 -86.844
55.16 -86.57
55.18 -86.676
55.2 -86.978
55.22 -87.152
55.24 -86.879
55.26 -86.469
55.28 -86.249
55.3 -86.249
55.32 -86.112
55.34 -86.112
55.36 -87.054
55.38 -89.904
55.4 -93.709
55.42 -92.514
55.44 -90.854
55.46 -90.166
55.48 -89.937
55.5 -89.322
55.52 -88.548
55.54 -87.948
55.56 -87.74
55.58 -87.653
55.6 -87.552
55.62 -87.245
55.64 -86.96
55.66 -86.9
55.68 -87.309
55.7 -88.609
55.72 -91.646
55.74 -96.071
55.76 -94.661
55.78 -91.697
55.8 -88.676
55.82 -88.159
55.84 -90.791
55.86 -99.44
55.88 -92.761
55.9 -87.223
55.92 -85.096
55.94 -83.881
55.96 -82.541
55.98 -81.462
56 -81.055
56.02 -81.384
56.04 -82.103
56.06 -82.895
56.08 -83.91
56.1 -85.663
56.12 -88.382
56.14 -91.593
56.16 -93.643
56.18 -94.049
56.2 -92.309
56.22 -88.887
56.24 -86.216
56.26 -84.926
56.28 -84.778
56.3 -85.318
56.32 -86.185
56.34 -87.315
56.36 -88.288
56.38 -88.812
56.4 -89.223
56.42 -89.703
56.44 -89.885
56.46 -88.956
56.48 -87.934
56.5 -87.305
56.52 -87.185
56.54 -87.616
56.56 -88.811
56.58 -89.281
56.6 -87.161
56.62 -84.086
56.64 -81.822
56.66 -80.564
56.68 -80.39
56.7 -81.353
56.72 -83.484
56.74 -86.04
56.76 -86.975
56.78 -86.693
56.8 -86.641
56.82 -86.946
56.84 -86.539
56.86 -85.524
56.88 -84.737
56.9 -84.666
56.92 -85.077
56.94 -85.102
56.96 -85.459
56.98 -87.027
57 -89.955
57.02 -93.035
57.04 -94.686
57.06 -95.824
57.08 -93.068
57.1 -90.068
57.12 -87.739
57.14 -86.216
57.16 -85.532
57.18 -85.177
57.2 -84.4
57.22 -83.477
57.24 -83.26
57.26 -84.186
57.28 -86.021
57.3 -88.323
57.32 -91.324
57.34 -92.461
57.36 -88.723
57.38 -85.606
57.4 -84.268
57.42 -84.142
57.44 -84.843
57.46 -86.023
57.48 -87.6
57.5 -89.304
57.52 -90.201
57.54 -89.305
57.56 -88.002
57.58 -87.658
57.6 -88.524
57.62 -89.487
57.64 -89.061
57.66 -89.1
57.68 -89.093
57.7 -88.592
57.72 -88.941
57.74 -90.616
57.76 -92.808
57.78 -93.644
57.8 -92.767
57.82 -91.518
57.84 -90.149
57.86 -88.365
57.88 -86.086
57.9 -84.51
57.92 -83.618
57.94 -83.385
57.96 -83.834
57.98 -85.058
58 -85.613
58.02 -84.376
58.04 -82.948
58.06 -82.309
58.08 -82.875
58.1 -84.445
58.12 -86.741
58.14 -89.254
58.16 -89.953
58.18 -88.05
58.2 -85.912
58.22 -84.303
58.24 -83.916
58.26 -85.419
58.28 -90.189
58.3 -95.497
58.32 -87.98
58.34 -84.531
58.36 -84.06
58.38 -85.68
58.4 -89.04
58.42 -91.521
58.44 -91.135
58.46 -87.654
58.48 -85.563
58.5 -85.525
58.52 -87.306
58.54 -89.798
58.56 -89.792
58.58 -88.312
58.6 -87.206
58.62 -86.543
58.64 -85.462
58.66 -84.143
58.68 -83.045
58.7 -82.403
58.72 -82.649
58.74 -83.9
58.76 -85.878
58.78 -87.726
58.8 -89.604
58.82 -91.407
58.84 -89.528
58.86 -86.634
58.88 -85.539
58.9 -85.784
58.92 -86.554
58.94 -87.327
58.96 -89.282
58.98 -95.158
59 -95.314
59.02 -88.205
59.04 -84.832
59.06 -83.273
59.08 -83.072
59.1 -84.26
59.12 -87.523
59.14 -93.947
59.16 -99.951
59.18 -94.652
59.2 -91.962
59.22 -91.214
59.24 -91.643
59.26 -92.484
59.28 -91.8
59.3 -89.98
59.32 -88.224
59.34 -87.01
59.36 -86.319
59.38 -87.065
59.4 -89.588
59.42 -94.845
59.44 -96.787
59.46 -88.84
59.48 -85.271
59.5 -85.128
59.52 -89.293
59.54 -94.041
59.56 -85.694
59.58 -82.992
59.6 -83.662
59.62 -87.036
59.64 -89.411
59.66 -85.778
59.68 -84.112
59.7 -84.245
59.72 -85.571
59.74 -87.559
59.76 -89.393
59.78 -90.184
59.8 -89.032
59.82 -86.955
59.84 -86.365
59.86 -87.36
59.88 -89.808
59.9 -91.201
59.92 -91.493
59.94 -91.266
59.96 -89.779
59.98 -89.44
60 -90.456
60.02 -92.248
60.04 -92.113
60.06 -90.385
60.08 -88.272
60.1 -87.201
60.12 -87.421
60.14 -88.946
60.16 -89.247
60.18 -87.983
60.2 -87.601
60.22 -87.107
60.24 -85.823
60.26 -84.964
60.28 -85.357
60.3 -87.234
60.32 -89.886
60.34 -91.358
60.36 -90.161
60.38 -87.794
60.4 -85.999
60.42 -85.488
60.44 -86.453
60.46 -88.115
60.48 -89.271
60.5 -89.21
60.52 -88.235
60.54 -86.663
60.56 -85.498
60.58 -85.456
60.6 -86.516
60.62 -87.549
60.64 -86.697
60.66 -84.638
60.68 -83.236
60.7 -83.27
60.72 -85.375
60.74 -90.142
60.76 -97.625
60.78 -100.648
60.8 -101.02
60.82 -100.495
60.84 -98.851
60.86 -96.125
60.88 -90.47
60.9 -88.263
60.92 -89.631
60.94 -95.884
60.96 -91.927
60.98 -87.305
61 -85.899
61.02 -86.348
61.04 -87.846
61.06 -89.339
61.08 -90.865
61.1 -93.249
61.12 -98.637
61.14 -97.431
61.16 -92.585
61.18 -90.183
61.2 -89.006
61.22 -88.836
61.24 -89.007
61.26 -89.516
61.28 -90.622
61.3 -92.592
61.32 -90.772
61.34 -86.556
61.36 -84.143
61.38 -83.784
61.4 -84.736
61.42 -86.446
61.44 -88.091
61.46 -87.98
61.48 -85.835
61.5 -84.702
61.52 -85.584
61.54 -87.482
61.56 -86.146
61.58 -84.84
61.6 -85.353
61.62 -86.75
61.64 -87.859
61.66 -88.525
61.68 -88.542
61.7 -88.494
61.72 -90.391
61.74 -95.498
61.76 -97.735
61.78 -94.304
61.8 -90.466
61.82 -87.294
61.84 -86.117
61.86 -88.128
61.88 -94.136
61.9 -93.692
61.92 -89.389
61.94 -86.268
61.96 -84.605
61.98 -84.451
62 -85.633
62.02 -87.321
62.04 -87.82
62.06 -87.641
62.08 -88.308
62.1 -90.065
62.12 -93.404
62.14 -96.773
62.16 -93.638
62.18 -91.792
62.2 -92.547
62.22 -92.044
62.24 -92.038
62.26 -93.415
62.28 -93.097
62.3 -90.019
62.32 -89.283
62.34 -90.162
62.36 -91.416
62.38 -91.307
62.4 -89.386
62.42 -87.723
62.44 -89.181
62.46 -97.662
62.48 -94.432
62.5 -88.462
62.52 -88.841
62.54 -94.496
62.56 -90.643
62.58 -85.518
62.6 -84.268
62.62 -84.838
62.64 -85.86
62.66 -85.827
62.68 -85.519
62.7 -85.862
62.72 -88.002
62.74 -91.855
62.76 -95.927
62.78 -95.727
62.8 -90.572
62.82 -86.021
62.84 -84.001
62.86 -83.488
62.88 -83.829
62.9 -84.074
62.92 -84.965
62.94 -87.097
62.96 -92.854
62.98 -94.981
63 -88.471
63.02 -85.654
63.04 -85.205
63.06 -87.044
63.08 -89.194
63.1 -89.514
63.12 -87.709
63.14 -85.2
63.16 -83.597
63.18 -84.341
63.2 -87.363
63.22 -89.299
63.24 -85.513
63.26 -83.003
63.28 -82.175
63.3 -83.048
63.32 -85.255
63.34 -88.019
63.36 -88.836
63.38 -88.074
63.4 -86.059
63.42 -85.307
63.44 -86.217
63.46 -90.543
63.48 -96.055
63.5 -85.574
63.52 -80.635
63.54 -78.563
63.56 -78.677
63.58 -80.601
63.6 -83.019
63.62 -83.73
63.64 -84.019
63.66 -84.505
63.68 -85.414
63.7 -88.034
63.72 -88.323
63.74 -85.669
63.76 -86.51
63.78 -90.063
63.8 -88.473
63.82 -88.154
63.84 -93.566
63.86 -90.787
63.88 -86.918
63.9 -87.766
63.92 -92.587
63.94 -88.671
63.96 -88.586
63.98 -84.964
64 -89.273
