0.02 -70.263
0.04 -68.033
0.06 -64.879
0.08 -61.229
0.1 -62.165
0.12 -62.577
0.14 -63.61
0.16 -65.112
0.18 -68.792
0.2 -68.815
0.22 -64.997
0.24 -62.617
0.26 -61.182
0.28 -55.925
0.3 -58.022
0.32 -52.152
0.34 -52.063
0.36 -51.881
0.38 -50.819
0.4 -50.737
0.42 -59.202
0.44 -62.126
0.46 -63.391
0.48 -62.522
0.5 -60.452
0.52 -46.957
0.54 -47.026
0.56 -46.564
0.58 -46.02
0.6 -47.927
0.62 -54.574
0.64 -51.841
0.66 -48.35
0.68 -45.853
0.7 -44.645
0.72 -45.788
0.74 -48.026
0.76 -51.012
0.78 -59.908
0.8 -54.775
0.82 -46.221
0.84 -46.866
0.86 -47.058
0.88 -47.877
0.9 -48.262
0.92 -40.788
0.94 -39.883
0.96 -38.709
0.98 -37.06
1 -35.737
1.02 -34.069
1.04 -33.87
1.06 -34.037
1.08 -35.759
1.1 -37.988
1.12 -36.704
1.14 -35.949
1.16 -33.877
1.18 -31.435
1.2 -29.381
1.22 -27.607
1.24 -26.455
1.26 -25.373
1.28 -24.678
1.3 -24.424
1.32 -24.105
1.34 -23.81
1.36 -23.78
1.38 -24.12
1.4 -24.34
1.42 -23.938
1.44 -24.283
1.46 -24.371
1.48 -24.135
1.5 -23.293
1.52 -21.82
1.54 -21.168
1.56 -20.607
1.58 -20.201
1.6 -19.894
1.62 -19.694
1.64 -20.184
1.66 -20.896
1.68 -21.737
1.7 -22.533
1.72 -23.002
1.74 -23.817
1.76 -24.322
1.78 -24.479
1.8 -24.367
1.82 -24.135
1.84 -24.275
1.86 -24.552
1.88 -25.121
1.9 -26.001
1.92 -26.832
1.94 -27.829
1.96 -28.284
1.98 -28.415
2 -28.349
2.02 -27.903
2.04 -27.775
2.06 -27.642
2.08 -27.882
2.1 -28.497
2.12 -29.234
2.14 -30.575
2.16 -31.747
2.18 -32.641
2.2 -33.011
2.22 -32.769
2.24 -32.911
2.26 -33.065
2.28 -33.433
2.3 -33.704
2.32 -33.906
2.34 -34.895
2.36 -36.308
2.38 -37.98
2.4 -39.441
2.42 -39.875
2.44 -40.597
2.46 -40.64
2.48 -40.579
2.5 -40.286
2.52 -40.315
2.54 -40.965
2.56 -42.119
2.58 -42.901
2.6 -43.179
2.62 -43.625
2.64 -43.464
2.66 -43.468
2.68 -42.378
2.7 -41.754
2.72 -42.329
2.74 -42.452
2.76 -42.951
2.78 -42.869
2.8 -43.454
2.82 -43.97
2.84 -46.946
2.86 -49.03
2.88 -48.097
2.9 -49.355
2.92 -48.566
2.94 -52.819
2.96 -47.991
2.98 -39.437
3 -34.863
3.02 -32.753
3.04 -32.324
3.06 -33.963
3.08 -39.227
3.1 -45.31
3.12 -38.685
3.14 -33.157
3.16 -31.77
3.18 -31.751
3.2 -31.254
3.22 -28.957
3.24 -27.133
3.26 -26.356
3.28 -27.042
3.3 -28.384
3.32 -27.378
3.34 -27.167
3.36 -25.607
3.38 -24.034
3.4 -23.034
3.42 -22.457
3.44 -22.764
3.46 -23.005
3.48 -22.826
3.5 -21.953
3.52 -20.583
3.54 -19.784
3.56 -19.312
3.58 -19.007
3.6 -18.638
3.62 -17.663
3.64 -17.767
3.66 -18.017
3.68 -18.539
3.7 -19.121
3.72 -19.448
3.74 -21.19
3.76 -23.686
3.78 -27.226
3.8 -27.9
3.82 -25.204
3.84 -29.183
3.86 -26.764
3.88 -22.156
3.9 -20.585
3.92 -21.753
3.94 -22.003
3.96 -15.12
3.98 -9.775
4 -6.656
4.02 -4.934
4.04 -4.882
4.06 -6.015
4.08 -8.48
4.1 -12.334
4.12 -17.011
4.14 -19.667
4.16 -18.804
4.18 -18.135
4.2 -18.893
4.22 -21.552
4.24 -22.941
4.26 -21.152
4.28 -18.294
4.3 -16.944
4.32 -16.058
4.34 -17.716
4.36 -19.104
4.38 -18.076
4.4 -17.22
4.42 -14.859
4.44 -14.907
4.46 -14.996
4.48 -15.153
4.5 -15.428
4.52 -16.473
4.54 -16.193
4.56 -15.504
4.58 -13.39
4.6 -13.527
4.62 -12.004
4.64 -13.124
4.66 -12.905
4.68 -12.521
4.7 -11.691
4.72 -9.497
4.74 -9.687
4.76 -10.161
4.78 -11.016
4.8 -12.971
4.82 -12.759
4.84 -14.956
4.86 -15.358
4.88 -16.784
4.9 -18.142
4.92 -19.931
4.94 -20.636
4.96 -20.368
4.98 -20.252
5 -20.759
5.02 -21.882
5.04 -22.319
5.06 -22.282
5.08 -21.527
5.1 -21.932
5.12 -22.083
5.14 -23.675
5.16 -23.794
5.18 -23.094
5.2 -23.94
5.22 -23.02
5.24 -23.029
5.26 -23.34
5.28 -23.49
5.3 -25.428
5.32 -24.915
5.34 -24.438
5.36 -23.348
5.38 -22.622
5.4 -23.481
5.42 -23.436
5.44 -24.313
5.46 -24.383
5.48 -25.295
5.5 -26.226
5.52 -25.825
5.54 -24.827
5.56 -23.681
5.58 -22.449
5.6 -21.826
5.62 -21.375
5.64 -20.743
5.66 -20.239
5.68 -19.765
5.7 -20.225
5.72 -20.596
5.74 -21.584
5.76 -22.124
5.78 -22.428
5.8 -22.808
5.82 -23.523
5.84 -24.313
5.86 -24.559
5.88 -24.308
5.9 -24.568
5.92 -23.354
5.94 -22.696
5.96 -22.388
5.98 -23.111
6 -24.331
6.02 -25.461
6.04 -25.973
6.06 -26.497
6.08 -27.351
6.1 -28.902
6.12 -28.43
6.14 -27.027
6.16 -26.23
6.18 -26.128
6.2 -26.491
6.22 -26.052
6.24 -25.197
6.26 -24.257
6.28 -23.335
6.3 -23.708
6.32 -23.292
6.34 -24.63
6.36 -25.105
6.38 -26.062
6.4 -26.431
6.42 -26.957
6.44 -27.431
6.46 -28.584
6.48 -29.41
6.5 -28.691
6.52 -26.759
6.54 -24.784
6.56 -23.343
6.58 -22.21
6.6 -22.581
6.62 -22.371
6.64 -24.475
6.66 -26.695
6.68 -29.394
6.7 -29.306
6.72 -26.429
6.74 -25.081
6.76 -24.308
6.78 -24.055
6.8 -24.413
6.82 -25.56
6.84 -26.31
6.86 -26.996
6.88 -26.734
6.9 -26.844
6.92 -25.257
6.94 -24.692
6.96 -23.709
6.98 -23.371
7 -24.015
7.02 -24.776
7.04 -26.142
7.06 -27.327
7.08 -28.038
7.1 -29.015
7.12 -28.355
7.14 -28.858
7.16 -29.024
7.18 -28.627
7.2 -28.003
7.22 -27.073
7.24 -24.882
7.26 -23.268
7.28 -22.095
7.3 -22.002
7.32 -22.476
7.34 -23.771
7.36 -24.972
7.38 -26.67
7.4 -27.46
7.42 -26.433
7.44 -26.162
7.46 -26.011
7.48 -26.368
7.5 -27.319
7.52 -27.889
7.54 -28.627
7.56 -29.494
7.58 -30.415
7.6 -31.6
7.62 -30.762
7.64 -30.164
7.66 -28.38
7.68 -26.83
7.7 -25.884
7.72 -25.745
7.74 -25.955
7.76 -26.833
7.78 -28.334
7.8 -30.556
7.82 -32.953
7.84 -35.035
7.86 -35.122
7.88 -33.661
7.9 -32.093
7.92 -30.621
7.94 -29.479
7.96 -28.865
7.98 -28.759
8 -29.526
8.02 -30.218
8.04 -32.175
8.06 -34.033
8.08 -36.068
8.1 -37.537
8.12 -37.813
8.14 -37.401
8.16 -36.326
8.18 -35.422
8.2 -35.231
8.22 -34.075
8.24 -34.663
8.26 -35.313
8.28 -36.098
8.3 -37.106
8.32 -38.104
8.34 -37.822
8.36 -35.922
8.38 -33.3
8.4 -31.924
8.42 -28.985
8.44 -28.6
8.46 -28.108
8.48 -28.365
8.5 -29.586
8.52 -29.578
8.54 -31.371
8.56 -32.749
8.58 -34.103
8.6 -35.839
8.62 -36.506
8.64 -38.739
8.66 -39.458
8.68 -40.032
8.7 -40.606
8.72 -41.22
8.74 -42.828
8.76 -44.551
8.78 -45.851
8.8 -46.749
8.82 -44.118
8.84 -42.015
8.86 -39.813
8.88 -38.094
8.9 -37.05
8.92 -36.439
8.94 -36.616
8.96 -37.262
8.98 -38.182
9 -39.427
9.02 -40.863
9.04 -42.173
9.06 -42.997
9.08 -42.149
9.1 -41.341
9.12 -41.583
9.14 -42.213
9.16 -43.169
9.18 -43.45
9.2 -42.67
9.22 -41.556
9.24 -41.479
9.26 -41.652
9.28 -42.053
9.3 -42.571
9.32 -43.488
9.34 -44.088
9.36 -44.749
9.38 -45.559
9.4 -47.068
9.42 -47.667
9.44 -48.732
9.46 -48.102
9.48 -47.289
9.5 -46.992
9.52 -47.495
9.54 -47.803
9.56 -47.8
9.58 -47.273
9.6 -46.7
9.62 -45.163
9.64 -44.266
9.66 -43.357
9.68 -42.926
9.7 -42.708
9.72 -42.23
9.74 -42.616
9.76 -43.303
9.78 -44.432
9.8 -45.897
9.82 -45.734
9.84 -46.725
9.86 -47.365
9.88 -45.762
9.9 -42.195
9.92 -39.053
9.94 -37.11
9.96 -36.557
9.98 -37.343
10 -39.832
10.02 -44.055
10.04 -48.104
10.06 -45.778
10.08 -43.523
10.1 -43.272
10.12 -44.116
10.14 -45.618
10.16 -46.245
10.18 -44.772
10.2 -43.78
10.22 -42.12
10.24 -41.662
10.26 -41.584
10.28 -42.343
10.3 -43.481
10.32 -44.314
10.34 -44.618
10.36 -44.81
10.38 -44.118
10.4 -43.73
10.42 -43.192
10.44 -43.069
10.46 -43.461
10.48 -44.161
10.5 -44.845
10.52 -44.237
10.54 -43.801
10.56 -43.556
10.58 -43.867
10.6 -44.555
10.62 -43.771
10.64 -43.359
10.66 -42.328
10.68 -41.266
10.7 -40.44
10.72 -39.838
10.74 -39.874
10.76 -40.319
10.78 -41.179
10.8 -42.473
10.82 -42.978
10.84 -43.653
10.86 -43.62
10.88 -43.323
10.9 -43.046
10.92 -43.532
10.94 -44.102
10.96 -45.522
10.98 -47.178
11 -47.661
11.02 -45.862
11.04 -43.597
11.06 -41.701
11.08 -40.239
11.1 -39.589
11.12 -39.574
11.14 -40.173
11.16 -41.088
11.18 -42.149
11.2 -43.154
11.22 -43.485
11.24 -44.041
11.26 -44.199
11.28 -44.353
11.3 -45.161
11.32 -44.938
11.34 -45.879
11.36 -46.558
11.38 -47.747
11.4 -51.032
11.42 -55.836
11.44 -50.77
11.46 -45.187
11.48 -41.862
11.5 -39.802
11.52 -38.537
11.54 -38.123
11.56 -38.352
11.58 -39.314
11.6 -41.074
11.62 -43.632
11.64 -46.379
11.66 -47.684
11.68 -47.364
11.7 -47.289
11.72 -47.86
11.74 -50.157
11.76 -52.673
11.78 -52.272
11.8 -51.335
11.82 -49.632
11.84 -48.945
11.86 -48.194
11.88 -48.186
11.9 -47.871
11.92 -47.601
11.94 -47.345
11.96 -47.835
11.98 -49.136
12 -50.873
12.02 -51.724
12.04 -51.901
12.06 -50.772
12.08 -49.778
12.1 -49.186
12.12 -49.179
12.14 -49.211
12.16 -49.481
12.18 -50.062
12.2 -51.38
12.22 -52.859
12.24 -54.389
12.26 -54.479
12.28 -53.732
12.3 -53.04
12.32 -51.444
12.34 -49.685
12.36 -48.445
12.38 -48.305
12.4 -49.639
12.42 -51.429
12.44 -53.371
12.46 -53.452
12.48 -53.242
12.5 -53.597
12.52 -55.262
12.54 -55.937
12.56 -53.99
12.58 -51.787
12.6 -50.12
12.62 -48.603
12.64 -48.236
12.66 -48.857
12.68 -51.494
12.7 -57.016
12.72 -56.852
12.74 -50.496
12.76 -46.766
12.78 -45.142
12.8 -44.887
12.82 -45.818
12.84 -48.217
12.86 -52.663
12.88 -57.921
12.9 -54.501
12.92 -49.172
12.94 -46.03
12.96 -43.968
12.98 -42.802
13 -42.362
13.02 -42.77
13.04 -43.814
13.06 -45.837
13.08 -48.951
13.1 -54.124
13.12 -60.962
13.14 -60.201
13.16 -56.316
13.18 -54.338
13.2 -54.172
13.22 -54.71
13.24 -53.683
13.26 -51.289
13.28 -49.513
13.3 -49.081
13.32 -50.421
13.34 -53.688
13.36 -58.478
13.38 -56.079
13.4 -52.021
13.42 -50.016
13.44 -50.004
13.46 -51.2
13.48 -53.416
13.5 -56.201
13.52 -59.386
13.54 -60.445
13.56 -59.491
13.58 -56.359
13.6 -53.536
13.62 -52.06
13.64 -52.018
13.66 -54.203
13.68 -59.962
13.7 -59.86
13.72 -52.771
13.74 -49.881
13.76 -49.229
13.78 -50.445
13.8 -53.242
13.82 -57.188
13.84 -58.54
13.86 -59.233
13.88 -59.099
13.9 -57.857
13.92 -55.685
13.94 -55.05
13.96 -55.414
13.98 -57
14 -58.252
14.02 -57.923
14.04 -55.464
14.06 -53.456
14.08 -52.035
14.1 -51.276
14.12 -50.388
14.14 -48.889
14.16 -47.137
14.18 -45.81
14.2 -45.266
14.22 -45.625
14.24 -46.947
14.26 -49.314
14.28 -52.862
14.3 -57.098
14.32 -59.2
14.34 -59.561
14.36 -60.809
14.38 -63.612
14.4 -60.975
14.42 -56.018
14.44 -53.327
14.46 -51.504
14.48 -50.545
14.5 -50.067
14.52 -50.288
14.54 -51.146
14.56 -53.381
14.58 -58.497
14.6 -66.517
14.62 -58.255
14.64 -53.644
14.66 -51.793
14.68 -51.822
14.7 -53.25
14.72 -56.346
14.74 -58.804
14.76 -57.044
14.78 -54.737
14.8 -53.467
14.82 -53.417
14.84 -53.957
14.86 -54.945
14.88 -55.726
14.9 -56.164
14.92 -56.093
14.94 -56.113
14.96 -56.273
14.98 -56.921
15 -57.696
15.02 -57.932
15.04 -57.99
15.06 -57.369
15.08 -56.642
15.1 -56.71
15.12 -58.009
15.14 -63.457
15.16 -67.253
15.18 -55.989
15.2 -50.683
15.22 -47.642
15.24 -46.313
15.26 -46.118
15.28 -46.945
15.3 -48.777
15.32 -51.499
15.34 -55.085
15.36 -59.16
15.38 -62.218
15.4 -60.881
15.42 -56.714
15.44 -54.131
15.46 -53.014
15.48 -53.049
15.5 -53.961
15.52 -55.279
15.54 -56.863
15.56 -57.654
15.58 -57.481
15.6 -56.336
15.62 -55.007
15.64 -54.094
15.66 -53.522
15.68 -53.439
15.7 -53.651
15.72 -54.263
15.74 -55.371
15.76 -57.051
15.78 -59.065
15.8 -61.315
15.82 -62.378
15.84 -61.872
15.86 -59.403
15.88 -56.767
15.9 -54.474
15.92 -53.192
15.94 -52.458
15.96 -52.688
15.98 -53.565
16 -55.3
16.02 -57.136
16.04 -59.122
16.06 -60.287
16.08 -61.539
16.1 -63.068
16.12 -65.603
16.14 -68.032
16.16 -68.67
16.18 -67.725
16.2 -64.574
16.22 -60.803
16.24 -58.349
16.26 -56.793
16.28 -56.316
16.3 -56.769
16.32 -58.443
16.34 -61.526
16.36 -67.627
16.38 -75.109
16.4 -67.204
16.42 -62.649
16.44 -61.111
16.46 -60.82
16.48 -62.497
16.5 -65.909
16.52 -72.006
16.54 -70.325
16.56 -65.76
16.58 -64.481
16.6 -65.209
16.62 -68.753
16.64 -71.676
16.66 -67.872
16.68 -65.222
16.7 -64.418
16.72 -65.208
16.74 -66.029
16.76 -65.29
16.78 -63.86
16.8 -62.875
16.82 -63.347
16.84 -64.622
16.86 -67.35
16.88 -67.955
16.9 -66.274
16.92 -64.262
16.94 -62.524
16.96 -61.305
16.98 -59.986
17 -58.339
17.02 -56.839
17.04 -55.436
17.06 -54.699
17.08 -54.595
17.1 -55.504
17.12 -57.448
17.14 -61.351
17.16 -68.418
17.18 -76.067
17.2 -67.044
17.22 -63.712
17.24 -62.664
17.26 -62.257
17.28 -62.397
17.3 -62.219
17.32 -62.176
17.34 -62.142
17.36 -62.924
17.38 -64.303
17.4 -66.251
17.42 -67.074
17.44 -67.021
17.46 -66.523
17.48 -65.63
17.5 -64.972
17.52 -63.572
17.54 -62.999
17.56 -62.55
17.58 -62.864
17.6 -63.594
17.62 -65.034
17.64 -65.187
17.66 -64.553
17.68 -64.7
17.7 -65.865
17.72 -68.737
17.74 -68.709
17.76 -64.804
17.78 -61.805
17.8 -60.271
17.82 -59.752
17.84 -60.166
17.86 -60.778
17.88 -61.411
17.9 -61.3
17.92 -61.71
17.94 -61.654
17.96 -62.404
17.98 -63.098
18 -63.917
18.02 -64.151
18.04 -63.634
18.06 -63.844
18.08 -64.793
18.1 -67.571
18.12 -71.674
18.14 -74.051
18.16 -73.876
18.18 -73.814
18.2 -74.386
18.22 -71.517
18.24 -67.722
18.26 -65.926
18.28 -64.877
18.3 -64.855
18.32 -64.556
18.34 -64.76
18.36 -64.94
18.38 -65.383
18.4 -66.382
18.42 -68.025
18.44 -70.326
18.46 -72.331
18.48 -72.319
18.5 -69.395
18.52 -68.061
18.54 -66.938
18.56 -67.423
18.58 -68.506
18.6 -71.157
18.62 -72.884
18.64 -71.105
18.66 -68.944
18.68 -67.431
18.7 -67.284
18.72 -67.165
18.74 -68.121
18.76 -68.043
18.78 -68.005
18.8 -66.991
18.82 -65.911
18.84 -64.584
18.86 -63.773
18.88 -63.172
18.9 -63.378
18.92 -63.808
18.94 -64.63
18.96 -65.113
18.98 -65.919
19 -67.396
19.02 -70.103
19.04 -73.761
19.06 -74.667
19.08 -74.24
19.1 -72.985
19.12 -71.852
19.14 -71.943
19.16 -70.895
19.18 -70.721
19.2 -69.624
19.22 -69.668
19.24 -69.345
19.26 -70.195
19.28 -71.051
19.3 -72.804
19.32 -73.738
19.34 -72.567
19.36 -71.685
19.38 -70.162
19.4 -69.88
19.42 -69.743
19.44 -70.439
19.46 -70.702
19.48 -70.868
19.5 -70.378
19.52 -69.393
19.54 -69.27
19.56 -69.477
19.58 -70.853
19.6 -72.086
19.62 -73.368
19.64 -72.949
19.66 -72.476
19.68 -71.346
19.7 -71.128
19.72 -70.472
19.74 -70.784
19.76 -69.823
19.78 -69.348
19.8 -68.353
19.82 -68.909
19.84 -69.044
19.86 -70.478
19.88 -71.593
19.9 -73.029
19.92 -73.236
19.94 -73.055
19.96 -73.524
19.98 -74.685
20 -77.712
20.02 -79.658
20.04 -77.268
20.06 -73.974
20.08 -70.949
20.1 -69.479
20.12 -68.07
20.14 -66.825
20.16 -65.769
20.18 -64.943
20.2 -64.823
20.22 -65.065
20.24 -66.153
20.26 -67.328
20.28 -68.682
20.3 -69.392
20.32 -69.887
20.34 -70.331
20.36 -71.282
20.38 -73.366
20.4 -76.329
20.42 -80.37
20.44 -81.001
20.46 -81.996
20.48 -78.445
20.5 -79.906
20.52 -77.935
20.54 -77.664
20.56 -75.014
20.58 -73.668
20.6 -73.094
20.62 -73.228
20.64 -76.152
20.66 -79.656
20.68 -76.55
20.7 -72.903
20.72 -69.798
20.74 -68.896
20.76 -68.317
20.78 -68.684
20.8 -69.306
20.82 -70.568
20.84 -71.33
20.86 -70.764
20.88 -68.788
20.9 -68.18
20.92 -68.369
20.94 -70.423
20.96 -72.957
20.98 -76.198
21 -76.479
21.02 -74.726
21.04 -73.595
21.06 -72.532
21.08 -73.748
21.1 -74.927
21.12 -78.126
21.14 -77.703
21.16 -79.227
21.18 -80.607
21.2 -83.152
21.22 -78.995
21.24 -75.357
21.26 -73.487
21.28 -73.999
21.3 -76.145
21.32 -80.06
21.34 -80.18
21.36 -76.469
21.38 -75.876
21.4 -76.135
21.42 -79.18
21.44 -78.388
21.46 -72.961
21.48 -69.917
21.5 -68.348
21.52 -68.28
21.54 -69.852
21.56 -73.297
21.58 -78.419
21.6 -77.673
21.62 -75.554
21.64 -75.163
21.66 -78.299
21.68 -80.571
21.7 -79.869
21.72 -75.516
21.74 -72.567
21.76 -71.582
21.78 -70.836
21.8 -71.103
21.82 -71.181
21.84 -72.093
21.86 -72.853
21.88 -73.299
21.9 -72.396
21.92 -70.588
21.94 -68.75
21.96 -67.685
21.98 -67.172
22 -67.703
22.02 -68.897
22.04 -70.804
22.06 -72.485
22.08 -72.286
22.1 -71.816
22.12 -70.962
22.14 -71.89
22.16 -73.315
22.18 -76.886
22.2 -79.878
22.22 -81.788
22.24 -81.001
22.26 -80.831
22.28 -78.515
22.3 -76.012
22.32 -73.483
22.34 -72.121
22.36 -70.708
22.38 -70.614
22.4 -70.389
22.42 -71.441
22.44 -72.179
22.46 -74.154
22.48 -75.048
22.5 -77.188
22.52 -75.226
22.54 -73.567
22.56 -71.389
22.58 -71.062
22.6 -71.354
22.62 -74.241
22.64 -78.237
22.66 -79.717
22.68 -75.26
22.7 -72.217
22.72 -71.73
22.74 -71.92
22.76 -74.161
22.78 -76.59
22.8 -79.992
22.82 -81.532
22.84 -82.59
22.86 -80.437
22.88 -81.273
22.9 -80.511
22.92 -80.29
22.94 -79.331
22.96 -79.027
22.98 -78.464
23 -78.525
23.02 -79.037
23.04 -78.372
23.06 -78.295
23.08 -77.959
23.1 -78.313
23.12 -78.293
23.14 -78.99
23.16 -79.995
23.18 -81.124
23.2 -81.731
23.22 -80.08
23.24 -78.351
23.26 -77.027
23.28 -76.558
23.3 -78.191
23.32 -78.15
23.34 -77.458
23.36 -73.958
23.38 -71.664
23.4 -70.302
23.42 -69.998
23.44 -70.885
23.46 -72.497
23.48 -76.104
23.5 -79.256
23.52 -82.444
23.54 -82.12
23.56 -80.56
23.58 -81.545
23.6 -81.347
23.62 -82.341
23.64 -83.379
23.66 -83.436
23.68 -82.409
23.7 -80.988
23.72 -78.177
23.74 -75.939
23.76 -72.757
23.78 -70.894
23.8 -68.987
23.82 -68.52
23.84 -68.633
23.86 -70.451
23.88 -73.36
23.9 -77.751
23.92 -79.201
23.94 -75.279
23.96 -74.691
23.98 -74.577
24 -76.387
24.02 -77.769
24.04 -79.511
24.06 -80.084
24.08 -81.077
24.1 -82.02
24.12 -81.453
24.14 -78.263
24.16 -76.406
24.18 -74.796
24.2 -75.595
24.22 -76.827
24.24 -80.516
24.26 -82.725
24.28 -83.69
24.3 -82.931
24.32 -81.585
24.34 -81.85
24.36 -80.931
24.38 -79.728
24.4 -79.912
24.42 -80.436
24.44 -81.38
24.46 -81.587
24.48 -81.393
24.5 -79.424
24.52 -77.839
24.54 -77.114
24.56 -77.252
24.58 -77.733
24.6 -79.809
24.62 -79.761
24.64 -79.078
24.66 -76.777
24.68 -75.788
24.7 -75.292
24.72 -75.995
24.74 -76.624
24.76 -77.928
24.78 -78.693
24.8 -80.933
24.82 -80.64
24.84 -79.691
24.86 -77.199
24.88 -76.195
24.9 -74.509
24.92 -74.445
24.94 -73.477
24.96 -73.997
24.98 -73.854
25 -75.348
25.02 -76.042
25.04 -78.387
25.06 -79.068
25.08 -81.369
25.1 -80.999
25.12 -82.49
25.14 -81.666
25.16 -82.518
25.18 -82.556
25.2 -82.193
25.22 -83.92
25.24 -80.039
25.26 -80.291
25.28 -77.626
25.3 -78.452
25.32 -78.151
25.34 -79.958
25.36 -80.727
25.38 -82.599
25.4 -84.909
25.42 -83.658
25.44 -83.463
25.46 -79.91
25.48 -79.979
25.5 -79.001
25.52 -79.64
25.54 -81.646
25.56 -81.359
25.58 -79.199
25.6 -77.137
25.62 -75.493
25.64 -75.758
25.66 -76.231
25.68 -78.577
25.7 -79.887
25.72 -82.608
25.74 -81.571
25.76 -83.541
25.78 -81.909
25.8 -83.299
25.82 -81.355
25.84 -81.245
25.86 -80.469
25.88 -80.955
25.9 -81.59
25.92 -82.593
25.94 -82.705
25.96 -85.055
25.98 -83.365
26 -83.917
26.02 -80.469
26.04 -80.493
26.06 -78.905
26.08 -79.338
26.1 -79.743
26.12 -80.285
26.14 -81.214
26.16 -82.331
26.18 -82.724
26.2 -82.837
26.22 -83.213
26.24 -82.436
26.26 -82.144
26.28 -81.848
26.3 -80.225
26.32 -80.377
26.34 -80.674
26.36 -81.352
26.38 -81.81
26.4 -83.367
26.42 -81.046
26.44 -83.867
26.46 -81.101
26.48 -83.296
26.5 -82.171
26.52 -82.982
26.54 -82.873
26.56 -83.026
26.58 -83.714
26.6 -82.882
26.62 -84.624
26.64 -81.138
26.66 -82.954
26.68 -81.058
26.7 -82.935
26.72 -83.004
26.74 -82.737
26.76 -83.539
26.78 -82.011
26.8 -83.131
26.82 -81.584
26.84 -82.557
26.86 -82.181
26.88 -83.385
26.9 -83.427
26.92 -84.845
26.94 -82.323
26.96 -83.919
26.98 -81.734
27 -84.576
27.02 -82.74
27.04 -82.884
27.06 -80.944
27.08 -81.69
27.1 -80.416
27.12 -83.14
27.14 -81.598
27.16 -85.469
27.18 -82.198
27.2 -84.858
27.22 -82.394
27.24 -82.944
27.26 -82.557
27.28 -82.051
27.3 -82.358
27.32 -81.413
27.34 -81.864
27.36 -81.564
27.38 -81.872
27.4 -81.689
27.42 -82.105
27.44 -81.498
27.46 -83.103
27.48 -82.714
27.5 -84.471
27.52 -83.287
27.54 -84.102
27.56 -82.499
27.58 -83.34
27.6 -81.59
27.62 -82.259
27.64 -80.773
27.66 -81.567
27.68 -79.719
27.7 -80.835
27.72 -79.379
27.74 -81.275
27.76 -81.326
27.78 -82.796
27.8 -83.206
27.82 -82.614
27.84 -82.54
27.86 -82.988
27.88 -82.844
27.9 -83.469
27.92 -83.329
27.94 -83.376
27.96 -83.696
27.98 -83.682
28 -83.529
28.02 -83.884
28.04 -82.432
28.06 -82.182
28.08 -81.472
28.1 -81.759
28.12 -80.784
28.14 -81.623
28.16 -81.624
28.18 -81.689
28.2 -82.331
28.22 -81.355
28.24 -81.447
28.26 -81.352
28.28 -81.018
28.3 -81.096
28.32 -82.033
28.34 -83.015
28.36 -83.209
28.38 -82.358
28.4 -81.82
28.42 -80.489
28.44 -80.884
28.46 -80.733
28.48 -81.162
28.5 -80.658
28.52 -80.852
28.54 -80.888
28.56 -81.857
28.58 -82.094
28.6 -83.024
28.62 -82.984
28.64 -82.907
28.66 -84.908
28.68 -82.923
28.7 -83.577
28.72 -82.593
28.74 -83.582
28.76 -82.642
28.78 -81.782
28.8 -81.332
28.82 -80.856
28.84 -81.774
28.86 -82.532
28.88 -81.986
28.9 -83.537
28.92 -82.362
28.94 -82.328
28.96 -78.562
28.98 -75.368
29 -73.939
29.02 -72.967
29.04 -72.961
29.06 -72.59
29.08 -70.449
29.1 -68.995
29.12 -67.13
29.14 -67.36
29.16 -67.819
29.18 -69.225
29.2 -71.188
29.22 -71.905
29.24 -74.4
29.26 -75.885
29.28 -79.527
29.3 -78.683
29.32 -75.569
29.34 -72.932
29.36 -70.587
29.38 -69.863
29.4 -69.779
29.42 -70.213
29.44 -70.492
29.46 -69.424
29.48 -68.241
29.5 -68.495
29.52 -69.394
29.54 -70.279
29.56 -71.859
29.58 -73.635
29.6 -75.978
29.62 -75.957
29.64 -76.316
29.66 -74.8
29.68 -75.377
29.7 -75.445
29.72 -77.462
29.74 -78.304
29.76 -78.826
29.78 -78.052
29.8 -79.094
29.82 -78.691
29.84 -79.21
29.86 -80.098
29.88 -80.938
29.9 -81.727
29.92 -80.035
29.94 -80.483
29.96 -79.042
29.98 -79.267
30 -80.37
30.02 -80.452
30.04 -81.227
30.06 -81.463
30.08 -80.744
30.1 -81.804
30.12 -81.938
30.14 -82.548
30.16 -82.088
30.18 -81.45
30.2 -81.205
30.22 -82.766
30.24 -82.26
30.26 -84.411
30.28 -82.911
30.3 -82.847
30.32 -81.764
30.34 -81.677
30.36 -82.451
30.38 -83.799
30.4 -83.289
30.42 -84.83
30.44 -83.797
30.46 -84.971
30.48 -83.545
30.5 -83.783
30.52 -82.818
30.54 -83.261
30.56 -82.094
30.58 -82.419
30.6 -82.009
30.62 -83.243
30.64 -83.429
30.66 -85.433
30.68 -83.383
30.7 -85.29
30.72 -82.851
30.74 -83.067
30.76 -82.596
30.78 -82.663
30.8 -82.987
30.82 -82.744
30.84 -83.291
30.86 -84.369
30.88 -85.206
30.9 -86.428
30.92 -85.23
30.94 -85.946
30.96 -81.673
30.98 -80.903
31 -78.213
31.02 -77.974
31.04 -77.541
31.06 -78.598
31.08 -79.655
31.1 -81.616
31.12 -81.159
31.14 -82.21
31.16 -82.136
31.18 -82.048
31.2 -82.578
31.22 -83.814
31.24 -83.077
31.26 -83.287
31.28 -82.058
31.3 -81.654
31.32 -82.329
31.34 -81.929
31.36 -83.678
31.38 -81.651
31.4 -82.585
31.42 -80.009
31.44 -79.602
31.46 -78.323
31.48 -78.215
31.5 -78.138
31.52 -78.502
31.54 -79.963
31.56 -80.983
31.58 -83.98
31.6 -84.736
31.62 -86.006
31.64 -85.369
31.66 -83.682
31.68 -81.382
31.7 -79.567
31.72 -78.218
31.74 -77.568
31.76 -77.975
31.78 -79.435
31.8 -80.897
31.82 -81.051
31.84 -80.482
31.86 -80.273
31.88 -80.469
31.9 -81.221
31.92 -81.931
31.94 -83.832
31.96 -83.275
31.98 -86.811
32 -84.133
32.02 -84.927
32.04 -81.723
32.06 -81.779
32.08 -81.036
32.1 -82.678
32.12 -82.56
32.14 -83.3
32.16 -81.795
32.18 -79.47
32.2 -79.946
32.22 -78.407
32.24 -78.899
32.26 -78.785
32.28 -80.39
32.3 -80.304
32.32 -81.612
32.34 -81.229
32.36 -83.006
32.38 -82.755
32.4 -83.768
32.42 -82.244
32.44 -82.967
32.46 -82.718
32.48 -82.93
32.5 -83.129
32.52 -81.684
32.54 -83.88
32.56 -82.241
32.58 -84.696
32.6 -82.56
32.62 -82.931
32.64 -83.189
32.66 -82.213
32.68 -82.136
32.7 -81.484
32.72 -81.216
32.74 -81.598
32.76 -81.098
32.78 -81.068
32.8 -81.458
32.82 -80.602
32.84 -81.88
32.86 -81.173
32.88 -81.883
32.9 -81.486
32.92 -81.967
32.94 -81.742
32.96 -80.578
32.98 -82.465
33 -81.314
33.02 -83.286
33.04 -83.223
33.06 -84.375
33.08 -83.251
33.1 -83.956
33.12 -83.747
33.14 -83.752
33.16 -84.014
33.18 -85.276
33.2 -84.362
33.22 -85.129
33.24 -82.997
33.26 -82.879
33.28 -81.622
33.3 -82.077
33.32 -82.658
33.34 -82.243
33.36 -82.365
33.38 -81.236
33.4 -81.895
33.42 -81.772
33.44 -82.785
33.46 -82.474
33.48 -82.102
33.5 -81.892
33.52 -81.984
33.54 -81.607
33.56 -82.425
33.58 -81.79
33.6 -81.672
33.62 -81.42
33.64 -81.027
33.66 -80.636
33.68 -80.435
33.7 -80.12
33.72 -80.43
33.74 -81.886
33.76 -80.408
33.78 -82.328
33.8 -80.473
33.82 -81.397
33.84 -81.531
33.86 -82.013
33.88 -82.147
33.9 -82.054
33.92 -82.858
33.94 -82.666
33.96 -83.139
33.98 -83.709
34 -83.146
34.02 -84.784
34.04 -84.949
34.06 -85.01
34.08 -86.456
34.1 -84.166
34.12 -85.701
34.14 -84.637
34.16 -85.294
34.18 -83.917
34.2 -82.41
34.22 -82.09
34.24 -82.217
34.26 -82.95
34.28 -83.949
34.3 -83.891
34.32 -84.194
34.34 -83.707
34.36 -83.396
34.38 -83.012
34.4 -82.744
34.42 -81.953
34.44 -82.645
34.46 -83.278
34.48 -83.866
34.5 -84.549
34.52 -85.513
34.54 -83.817
34.56 -84.44
34.58 -83.435
34.6 -82.957
34.62 -84.234
34.64 -83.482
34.66 -85.776
34.68 -83.563
34.7 -83.555
34.72 -83.258
34.74 -83.397
34.76 -84.509
34.78 -86.64
34.8 -85.139
34.82 -84.702
34.84 -83.72
34.86 -82.793
34.88 -81.812
34.9 -81.303
34.92 -81.778
34.94 -81.901
34.96 -82.653
34.98 -83.063
35 -81.588
35.02 -81.291
35.04 -81.803
35.06 -81.324
35.08 -82.823
35.1 -82.204
35.12 -82.676
35.14 -82.858
35.16 -81.623
35.18 -81.568
35.2 -81.054
35.22 -81.382
35.24 -81.884
35.26 -83.259
35.28 -82.679
35.3 -83.35
35.32 -81.538
35.34 -81.543
35.36 -81.734
35.38 -81.098
35.4 -82.413
35.42 -81.777
35.44 -82.276
35.46 -81.831
35.48 -81.974
35.5 -82.196
35.52 -82.413
35.54 -81.8
35.56 -82.568
35.58 -82.859
35.6 -83.625
35.62 -83.032
35.64 -81.228
35.66 -80.418
35.68 -79.049
35.7 -79.72
35.72 -78.912
35.74 -79.693
35.76 -80.65
35.78 -83.311
35.8 -84.866
35.82 -84.879
35.84 -82.679
35.86 -80.535
35.88 -80.697
35.9 -80.467
35.92 -82.99
35.94 -83.417
35.96 -85.856
35.98 -84.614
36 -84.174
36.02 -81.831
36.04 -80.648
36.06 -79.413
36.08 -80.543
36.1 -80.216
36.12 -82.711
36.14 -83.171
36.16 -85.353
36.18 -83.903
36.2 -83.482
36.22 -81.704
36.24 -81.32
36.26 -80.109
36.28 -80.24
36.3 -79.706
36.32 -81.007
36.34 -81.079
36.36 -82.236
36.38 -81.663
36.4 -83.675
36.42 -82.83
36.44 -85.192
36.46 -84.756
36.48 -85.323
36.5 -84.082
36.52 -83.498
36.54 -82.912
36.56 -84.039
36.58 -82.974
36.6 -84.255
36.62 -82.671
36.64 -81.722
36.66 -82.267
36.68 -81.017
36.7 -81.516
36.72 -83.089
36.74 -82.936
36.76 -85.723
36.78 -84.293
36.8 -84.397
36.82 -82.967
36.84 -83.155
36.86 -83.373
36.88 -83.706
36.9 -83.683
36.92 -83.394
36.94 -83.121
36.96 -82.205
36.98 -80.225
37 -79.27
37.02 -79.273
37.04 -80.024
37.06 -80.916
37.08 -82.059
37.1 -81.411
37.12 -81.328
37.14 -81.213
37.16 -82.384
37.18 -83.322
37.2 -84.265
37.22 -82.979
37.24 -83.698
37.26 -82.981
37.28 -82.852
37.3 -83.171
37.32 -82.608
37.34 -82.912
37.36 -83.092
37.38 -82.97
37.4 -83.733
37.42 -82.792
37.44 -83.036
37.46 -81.754
37.48 -81.625
37.5 -81.426
37.52 -81.972
37.54 -82.01
37.56 -82.699
37.58 -80.77
37.6 -81.32
37.62 -79.638
37.64 -80.075
37.66 -80.355
37.68 -80.925
37.7 -81.744
37.72 -82.282
37.74 -81.678
37.76 -81.87
37.78 -79.992
37.8 -80.708
37.82 -79.995
37.84 -81.422
37.86 -83.702
37.88 -84.68
37.9 -86.807
37.92 -84.592
37.94 -85.143
37.96 -83.618
37.98 -84.286
38 -83.507
38.02 -84.289
38.04 -82.617
38.06 -83.952
38.08 -82.435
38.1 -83.273
38.12 -82.12
38.14 -83.231
38.16 -81.945
38.18 -82.789
38.2 -81.487
38.22 -82.18
38.24 -82.166
38.26 -82.537
38.28 -83.288
38.3 -82.736
38.32 -82.287
38.34 -81.651
38.36 -80.657
38.38 -81.965
38.4 -81.849
38.42 -83.433
38.44 -84.473
38.46 -84.222
38.48 -83.996
38.5 -84.482
38.52 -82.876
38.54 -84.508
38.56 -83.108
38.58 -83.801
38.6 -84.814
38.62 -84.221
38.64 -83.748
38.66 -83.673
38.68 -83.365
38.7 -83.883
38.72 -83.905
38.74 -84.827
38.76 -84.951
38.78 -84.648
38.8 -83.579
38.82 -84.54
38.84 -83.623
38.86 -83.699
38.88 -81.845
38.9 -81.124
38.92 -79.921
38.94 -79.591
38.96 -79.768
38.98 -79.968
39 -81.834
39.02 -81.306
39.04 -83.205
39.06 -82.885
39.08 -82.999
39.1 -83.099
39.12 -83.126
39.14 -84.781
39.16 -83.608
39.18 -84.633
39.2 -84.508
39.22 -84.202
39.24 -83.969
39.26 -83.064
39.28 -82.933
39.3 -83.057
39.32 -83.588
39.34 -84.965
39.36 -85.637
39.38 -84.224
39.4 -84.456
39.42 -82.246
39.44 -83.406
39.46 -82.193
39.48 -82.577
39.5 -82.043
39.52 -82.823
39.54 -83.498
39.56 -84.329
39.58 -83.816
39.6 -82.253
39.62 -81.189
39.64 -81.459
39.66 -81.946
39.68 -82.961
39.7 -82.492
39.72 -82.124
39.74 -81.455
39.76 -81.454
39.78 -80.953
39.8 -82.912
39.82 -84.102
39.84 -85.755
39.86 -86.424
39.88 -85.592
39.9 -84.674
39.92 -84.023
39.94 -84.935
39.96 -84.399
39.98 -83.544
40 -82.788
40.02 -83.17
40.04 -83.248
40.06 -85.065
40.08 -85.171
40.1 -86.259
40.12 -86.535
40.14 -85.348
40.16 -84.048
40.18 -83.238
40.2 -81.434
40.22 -82.722
40.24 -82.404
40.26 -85.707
40.28 -86.101
40.3 -86.851
40.32 -84.255
40.34 -86.838
40.36 -84.893
40.38 -87.291
40.4 -85.594
40.42 -85.317
40.44 -84.147
40.46 -84.669
40.48 -83.419
40.5 -84.065
40.52 -82.977
40.54 -84.183
40.56 -83.444
40.58 -84.894
40.6 -84.772
40.62 -85.357
40.64 -85.435
40.66 -83.393
40.68 -85.614
40.7 -83.357
40.72 -84.568
40.74 -84.99
40.76 -84.281
40.78 -85.9
40.8 -84.294
40.82 -84.887
40.84 -83.998
40.86 -83.537
40.88 -84.313
40.9 -83.709
40.92 -83.881
40.94 -83.674
40.96 -83.643
40.98 -84.533
41 -85.804
41.02 -85.548
41.04 -84.632
41.06 -84.001
41.08 -82.245
41.1 -83.178
41.12 -82.237
41.14 -83.644
41.16 -82.169
41.18 -81.659
41.2 -82.822
41.22 -82.601
41.24 -84.68
41.26 -84.681
41.28 -83.518
41.3 -84.627
41.32 -83.384
41.34 -82.239
41.36 -81.727
41.38 -81.285
41.4 -81.814
41.42 -82.536
41.44 -83.369
41.46 -84.285
41.48 -84.015
41.5 -84.153
41.52 -82.866
41.54 -82.551
41.56 -81.881
41.58 -82.058
41.6 -81.759
41.62 -82.515
41.64 -81.702
41.66 -82.582
41.68 -82.766
41.7 -82.824
41.72 -82.157
41.74 -82.381
41.76 -81.819
41.78 -81.643
41.8 -80.949
41.82 -80.783
41.84 -80.756
41.86 -81.296
41.88 -81.399
41.9 -82.561
41.92 -81.303
41.94 -82.35
41.96 -80
41.98 -80.693
42 -79.637
42.02 -80.867
42.04 -81.41
42.06 -82.159
42.08 -82.618
42.1 -82.122
42.12 -82.008
42.14 -81.449
42.16 -81.915
42.18 -81.173
42.2 -82.227
42.22 -82.045
42.24 -84.339
42.26 -83.66
42.28 -82.811
42.3 -81.649
42.32 -82.285
42.34 -82.467
42.36 -84.989
42.38 -84.086
42.4 -84.895
42.42 -83.05
42.44 -83.651
42.46 -82.882
42.48 -82.862
42.5 -82.374
42.52 -82.614
42.54 -82.978
42.56 -83.853
42.58 -82.458
42.6 -83.119
42.62 -82.121
42.64 -83.555
42.66 -83.351
42.68 -82.148
42.7 -81.832
42.72 -80.951
42.74 -81.746
42.76 -82.765
42.78 -82.464
42.8 -83.059
42.82 -82.724
42.84 -84.211
42.86 -84.32
42.88 -84.906
42.9 -84.045
42.92 -83.017
42.94 -83.003
42.96 -83.085
42.98 -82.654
43 -85.129
43.02 -83.765
43.04 -84.516
43.06 -83.713
43.08 -83.453
43.1 -83.883
43.12 -83.355
43.14 -83.487
43.16 -82.37
43.18 -82.322
43.2 -82.738
43.22 -81.565
43.24 -82.761
43.26 -81.438
43.28 -81.73
43.3 -80.834
43.32 -81.3
43.34 -81.013
43.36 -82.203
43.38 -82.408
43.4 -85.089
43.42 -84.425
43.44 -86.982
43.46 -84.289
43.48 -84.848
43.5 -83.482
43.52 -82.957
43.54 -83.068
43.56 -81.924
43.58 -82.877
43.6 -83.207
43.62 -82.632
43.64 -83.307
43.66 -81.811
43.68 -82.624
43.7 -82.634
43.72 -83.181
43.74 -83.926
43.76 -83.508
43.78 -84.345
43.8 -85.111
43.82 -85.34
43.84 -84.024
43.86 -82.026
43.88 -81.365
43.9 -81.175
43.92 -81.901
43.94 -82.658
43.96 -83.47
43.98 -84.413
44 -84.223
44.02 -82.857
44.04 -82.298
44.06 -80.917
44.08 -81.7
44.1 -82.193
44.12 -82.67
44.14 -82.025
44.16 -80.521
44.18 -80.903
44.2 -80.181
44.22 -81.587
44.24 -80.645
44.26 -80.827
44.28 -80.921
44.3 -80.796
44.32 -82.504
44.34 -82.955
44.36 -84.127
44.38 -83.797
44.4 -83.058
44.42 -82.901
44.44 -80.548
44.46 -79.835
44.48 -78.92
44.5 -79.913
44.52 -81.392
44.54 -81.523
44.56 -81.785
44.58 -81.769
44.6 -81.834
44.62 -82.78
44.64 -82.943
44.66 -82.509
44.68 -82.069
44.7 -82.754
44.72 -82.588
44.74 -83.79
44.76 -82.281
44.78 -83.656
44.8 -81.595
44.82 -82.504
44.84 -81.749
44.86 -83.234
44.88 -82.427
44.9 -83.556
44.92 -81.402
44.94 -81.827
44.96 -80.145
44.98 -80.882
45 -79.639
45.02 -79.668
45.04 -78.64
45.06 -78.612
45.08 -78.307
45.1 -77.99
45.12 -79.261
45.14 -79.338
45.16 -80.909
45.18 -80.435
45.2 -81.923
45.22 -82.245
45.24 -83.927
45.26 -84.339
45.28 -84.817
45.3 -85.324
45.32 -85.344
45.34 -85.08
45.36 -84.022
45.38 -83.747
45.4 -83.433
45.42 -81.91
45.44 -82.631
45.46 -81.401
45.48 -81.817
45.5 -81.72
45.52 -81.842
45.54 -82.116
45.56 -81.275
45.58 -80.743
45.6 -79.948
45.62 -80.151
45.64 -80.957
45.66 -82.327
45.68 -83.103
45.7 -83.453
45.72 -82.826
45.74 -82.517
45.76 -83.726
45.78 -82.544
45.8 -82.625
45.82 -81.555
45.84 -81.549
45.86 -81.668
45.88 -81.554
45.9 -81.708
45.92 -82.417
45.94 -82.668
45.96 -84.226
45.98 -84.894
46 -85.498
46.02 -87.511
46.04 -84.701
46.06 -85.012
46.08 -83.92
46.1 -84.866
46.12 -84.446
46.14 -85.498
46.16 -84.281
46.18 -83.193
46.2 -82.115
46.22 -82.014
46.24 -83.33
46.26 -82.079
46.28 -83.326
46.3 -82.037
46.32 -84.092
46.34 -82.847
46.36 -84.257
46.38 -82.917
46.4 -82.391
46.42 -81.286
46.44 -80.737
46.46 -80.371
46.48 -80.651
46.5 -80.817
46.52 -81.238
46.54 -81.327
46.56 -80.845
46.58 -81.4
46.6 -81.554
46.62 -82.957
46.64 -82.563
46.66 -83.005
46.68 -81.932
46.7 -81.818
46.72 -81.361
46.74 -81.776
46.76 -82.203
46.78 -83.314
46.8 -83.52
46.82 -84.441
46.84 -83.985
46.86 -84.7
46.88 -84.468
46.9 -84.579
46.92 -83.245
46.94 -84.292
46.96 -82.926
46.98 -83.23
47 -81.81
47.02 -81.208
47.04 -80.881
47.06 -80.333
47.08 -80.778
47.1 -82.023
47.12 -82.353
47.14 -82.882
47.16 -82.004
47.18 -80.056
47.2 -79.516
47.22 -79.143
47.24 -79.793
47.26 -80.109
47.28 -81.259
47.3 -82.739
47.32 -85.199
47.34 -83.277
47.36 -82.534
47.38 -80.804
47.4 -80.969
47.42 -82.021
47.44 -84.294
47.46 -84.564
47.48 -83.491
47.5 -80.945
47.52 -80.36
47.54 -80.195
47.56 -80.986
47.58 -81.59
47.6 -81.774
47.62 -81.23
47.64 -81.979
47.66 -81.434
47.68 -81.829
47.7 -81.621
47.72 -81.466
47.74 -81.793
47.76 -82.976
47.78 -84.256
47.8 -84.663
47.82 -84.119
47.84 -83.661
47.86 -82.123
47.88 -82.113
47.9 -81.62
47.92 -81.68
47.94 -82.784
47.96 -82.832
47.98 -82.676
48 -82.845
48.02 -81.188
48.04 -81.167
48.06 -80.324
48.08 -80.715
48.1 -80.96
48.12 -82.004
48.14 -81.347
48.16 -81.251
48.18 -80.415
48.2 -80.606
48.22 -80.421
48.24 -80.819
48.26 -81.886
48.28 -82.415
48.3 -82.391
48.32 -82.923
48.34 -82.383
48.36 -81.936
48.38 -82.372
48.4 -80.505
48.42 -81.894
48.44 -80.992
48.46 -83.894
48.48 -84.276
48.5 -83.51
48.52 -82.525
48.54 -82.051
48.56 -81.917
48.58 -83.076
48.6 -83.315
48.62 -84.044
48.64 -83.573
48.66 -81.678
48.68 -82.907
48.7 -81.292
48.72 -83.582
48.74 -83.106
48.76 -83.007
48.78 -83.016
48.8 -81.97
48.82 -81.692
48.84 -81.541
48.86 -80.782
48.88 -81.557
48.9 -81.401
48.92 -82.584
48.94 -82.49
48.96 -83.35
48.98 -82.795
49 -82.572
49.02 -81.814
49.04 -81.859
49.06 -81.361
49.08 -82.448
49.1 -82.566
49.12 -83.532
49.14 -82.232
49.16 -82.051
49.18 -80.947
49.2 -80.944
49.22 -79.569
49.24 -80.326
49.26 -79.553
49.28 -81.002
49.3 -80.581
49.32 -81.783
49.34 -80.968
49.36 -81.558
49.38 -80.762
49.4 -80.366
49.42 -80.429
49.44 -80.803
49.46 -82.526
49.48 -82.568
49.5 -85.543
49.52 -83.42
49.54 -85.255
49.56 -83.338
49.58 -83.625
49.6 -83.709
49.62 -82.759
49.64 -83.53
49.66 -82.119
49.68 -82.841
49.7 -81.619
49.72 -81.54
49.74 -82.467
49.76 -82.488
49.78 -83.949
49.8 -83.041
49.82 -82.926
49.84 -81.321
49.86 -81.253
49.88 -82.031
49.9 -81.812
49.92 -82.479
49.94 -81.089
49.96 -80.927
49.98 -80.708
50 -80.247
50.02 -79.899
50.04 -78.471
50.06 -78.381
50.08 -78.006
50.1 -78.593
50.12 -79.32
50.14 -79.641
50.16 -80.889
50.18 -81.399
50.2 -82.747
50.22 -82.725
50.24 -83.748
50.26 -81.901
50.28 -80.781
50.3 -79.087
50.32 -77.987
50.34 -78.105
50.36 -78.891
50.38 -80.422
50.4 -81.331
50.42 -83.636
50.44 -83.331
50.46 -83.285
50.48 -82.22
50.5 -80.894
50.52 -82.164
50.54 -80.248
50.56 -82.443
50.58 -80.73
50.6 -82.049
50.62 -82.069
50.64 -82.891
50.66 -83.682
50.68 -84.114
50.7 -83.427
50.72 -82.991
50.74 -81.852
50.76 -81.168
50.78 -80.244
50.8 -80.759
50.82 -81.073
50.84 -81.176
50.86 -81.292
50.88 -81.348
50.9 -82.334
50.92 -81.742
50.94 -82.144
50.96 -80.676
50.98 -81.092
51 -80.163
51.02 -80.594
51.04 -80.028
51.06 -80.387
51.08 -80.925
51.1 -82.032
51.12 -83.066
51.14 -83.601
51.16 -82.929
51.18 -81.847
51.2 -80.932
51.22 -82.175
51.24 -80.468
51.26 -82.252
51.28 -82.442
51.3 -83.119
51.32 -85.834
51.34 -83.686
51.36 -84.66
51.38 -83.358
51.4 -82.683
51.42 -83.062
51.44 -83.649
51.46 -82.87
51.48 -84.732
51.5 -82.274
51.52 -84.382
51.54 -83.201
51.56 -84.651
51.58 -84.181
51.6 -84.419
51.62 -82.706
51.64 -83.491
51.66 -82.667
51.68 -84.155
51.7 -82.989
51.72 -82.629
51.74 -80.749
51.76 -80.086
51.78 -80.13
51.8 -80.41
51.82 -81.523
51.84 -81.591
51.86 -81.084
51.88 -80.012
51.9 -80.487
51.92 -81.478
51.94 -82.491
51.96 -83.615
51.98 -82.241
52 -83.292
52.02 -81.974
52.04 -82.547
52.06 -81.847
52.08 -81.607
52.1 -81.718
52.12 -81.615
52.14 -81.383
52.16 -81.521
52.18 -81.665
52.2 -81.096
52.22 -81.082
52.24 -79.374
52.26 -79.961
52.28 -79.056
52.3 -80.414
52.32 -80.154
52.34 -80.62
52.36 -80.191
52.38 -80.121
52.4 -79.61
52.42 -78.922
52.44 -79.317
52.46 -79.827
52.48 -80.005
52.5 -80.875
52.52 -81.453
52.54 -80.818
52.56 -82.476
52.58 -81.057
52.6 -82.562
52.62 -81.453
52.64 -82.588
52.66 -82.642
52.68 -82.485
52.7 -81.769
52.72 -81.781
52.74 -80.173
52.76 -81.084
52.78 -80.665
52.8 -81.83
52.82 -81.798
52.84 -80.264
52.86 -79.632
52.88 -78.514
52.9 -79.537
52.92 -79.885
52.94 -81.941
52.96 -81.011
52.98 -82.198
53 -80.742
53.02 -81.433
53.04 -80.534
53.06 -81.414
53.08 -80.409
53.1 -81.883
53.12 -80.856
53.14 -81.185
53.16 -80.694
53.18 -79.355
53.2 -80.528
53.22 -80.084
53.24 -81.264
53.26 -81.337
53.28 -81.619
53.3 -81.229
53.32 -81.781
53.34 -81.483
53.36 -81.173
53.38 -81.091
53.4 -80.896
53.42 -81.328
53.44 -81.582
53.46 -81.702
53.48 -81.341
53.5 -81.151
53.52 -80.344
53.54 -82.106
53.56 -82.086
53.58 -83.332
53.6 -83.075
53.62 -83.264
53.64 -81.774
53.66 -82.154
53.68 -80.558
53.7 -81.002
53.72 -79.935
53.74 -81.422
53.76 -79.887
53.78 -82.552
53.8 -80.633
53.82 -81.946
53.84 -80.477
53.86 -80.872
53.88 -78.776
53.9 -80.582
53.92 -79.941
53.94 -82.279
53.96 -81.749
53.98 -82.266
54 -81.671
54.02 -82.277
54.04 -81.235
54.06 -81.477
54.08 -80.763
54.1 -81.214
54.12 -82.477
54.14 -82.495
54.16 -82.769
54.18 -84.003
54.2 -82.433
54.22 -83.496
54.24 -82.277
54.26 -82.86
54.28 -82.973
54.3 -82.608
54.32 -82.912
54.34 -81.927
54.36 -82.052
54.38 -80.916
54.4 -81.708
54.42 -81.678
54.44 -81.973
54.46 -82.232
54.48 -80.775
54.5 -81.055
54.52 -79.155
54.54 -78.907
54.56 -78.872
54.58 -78.561
54.6 -79.835
54.62 -80.05
54.64 -81.095
54.66 -79.606
54.68 -79.637
54.7 -78.599
54.72 -79.54
54.74 -79.723
54.76 -80.414
54.78 -81.119
54.8 -82.054
54.82 -81.539
54.84 -82.831
54.86 -81.287
54.88 -81.886
54.9 -80.853
54.92 -81.419
54.94 -81.059
54.96 -81.925
54.98 -80.381
55 -80.921
55.02 -79.585
55.04 -80.323
55.06 -80.809
55.08 -81.537
55.1 -81.972
55.12 -81.791
55.14 -80.288
55.16 -81.232
55.18 -79.294
55.2 -81.863
55.22 -79.204
55.24 -81.556
55.26 -79.377
55.28 -82.331
55.3 -80.491
55.32 -82.422
55.34 -80.775
55.36 -81.086
55.38 -80.053
55.4 -81.014
55.42 -80.695
55.44 -82.166
55.46 -81.267
55.48 -80.727
55.5 -80.292
55.52 -80.973
55.54 -81.471
55.56 -81.993
55.58 -82.141
55.6 -82.141
55.62 -82.12
55.64 -80.914
55.66 -80.48
55.68 -80.114
55.7 -80.954
55.72 -81.418
55.74 -83.501
55.76 -81.382
55.78 -81.004
55.8 -80.029
55.82 -80.782
55.84 -82.045
55.86 -82.078
55.88 -83.45
55.9 -80.896
55.92 -81.284
55.94 -79.873
55.96 -80.053
55.98 -79.364
56 -79.278
56.02 -79.235
56.04 -79.184
56.06 -80.826
56.08 -80.423
56.1 -81.286
56.12 -79.905
56.14 -80.92
56.16 -80.125
56.18 -81.202
56.2 -80.949
56.22 -80.24
56.24 -80.453
56.26 -80.507
56.28 -79.755
56.3 -79.539
56.32 -78.379
56.34 -78.127
56.36 -79.028
56.38 -79.77
56.4 -80.756
56.42 -81.457
56.44 -81.652
56.46 -81.168
56.48 -79.865
56.5 -79.876
56.52 -79.557
56.54 -80.307
56.56 -79.736
56.58 -79.819
56.6 -79.812
56.62 -80.223
56.64 -80.206
56.66 -80.562
56.68 -79.711
56.7 -79.863
56.72 -78.831
56.74 -79.438
56.76 -79.101
56.78 -80.164
56.8 -80.396
56.82 -80.599
56.84 -79.439
56.86 -79.318
56.88 -77.292
56.9 -78.073
56.92 -78.164
56.94 -78.844
56.96 -80.654
56.98 -80.278
57 -81.368
57.02 -81.732
57.04 -81.404
57.06 -82.323
57.08 -80.905
57.1 -81.094
57.12 -80.583
57.14 -80.36
57.16 -80.269
57.18 -79.445
57.2 -79.487
57.22 -78.653
57.24 -78.777
57.26 -78.707
57.28 -79.362
57.3 -80.445
57.32 -80.65
57.34 -81.766
57.36 -80.822
57.38 -81.091
57.4 -81.026
57.42 -81.243
57.44 -81.006
57.46 -80.888
57.48 -80.542
57.5 -80.55
57.52 -80.742
57.54 -81.282
57.56 -81.809
57.58 -81.252
57.6 -81.437
57.62 -80.219
57.64 -80.625
57.66 -80.628
57.68 -80.316
57.7 -80.229
57.72 -78.808
57.74 -78.498
57.76 -78.134
57.78 -78.789
57.8 -78.788
57.82 -77.979
57.84 -78.63
57.86 -77.396
57.88 -79.391
57.9 -78.817
57.92 -81.102
57.94 -80.175
57.96 -81.343
57.98 -80.946
58 -80.943
58.02 -80.097
58.04 -80.113
58.06 -79.091
58.08 -80.241
58.1 -79.269
58.12 -79.702
58.14 -79.771
58.16 -80.417
58.18 -80.863
58.2 -81.037
58.22 -80.057
58.24 -80.7
58.26 -80.14
58.28 -79.306
58.3 -79.43
58.32 -77.851
58.34 -79.055
58.36 -77.96
58.38 -78.729
58.4 -77.813
58.42 -77.077
58.44 -77.577
58.46 -78.013
58.48 -78.724
58.5 -79.468
58.52 -78.267
58.54 -79.351
58.56 -79.375
58.58 -79.86
58.6 -80.531
58.62 -80.361
58.64 -80.48
58.66 -79.904
58.68 -79.314
58.7 -78.454
58.72 -78.973
58.74 -77.375
58.76 -78.647
58.78 -77.463
58.8 -78.699
58.82 -77.936
58.84 -79.028
58.86 -78.628
58.88 -78.981
58.9 -78.41
58.92 -78.091
58.94 -77.861
58.96 -78.395
58.98 -78.443
59 -79.333
59.02 -79.11
59.04 -78.22
59.06 -78.074
59.08 -77.49
59.1 -78.012
59.12 -78.382
59.14 -78.822
59.16 -78.893
59.18 -78.582
59.2 -77.455
59.22 -77.93
59.24 -77.5
59.26 -78.68
59.28 -77.961
59.3 -77.799
59.32 -78.364
59.34 -78.819
59.36 -78.578
59.38 -79.215
59.4 -78.461
59.42 -79.489
59.44 -78.667
59.46 -78.351
59.48 -77.068
59.5 -78.179
59.52 -77.722
59.54 -79.918
59.56 -78.729
59.58 -80.007
59.6 -78.679
59.62 -79.695
59.64 -78.47
59.66 -79.002
59.68 -78.545
59.7 -79.48
59.72 -78.985
59.74 -79.482
59.76 -79.253
59.78 -79.341
59.8 -79.242
59.82 -79.769
59.84 -78.347
59.86 -79.433
59.88 -78.239
59.9 -78.699
59.92 -78.956
59.94 -78.847
59.96 -78.777
59.98 -78.85
60 -78.742
60.02 -79.554
60.04 -79.031
60.06 -79.633
60.08 -78.71
60.1 -78.701
60.12 -78.091
60.14 -78.255
60.16 -77.623
60.18 -77.993
60.2 -77.718
60.22 -77.655
60.24 -77.74
60.26 -78.275
60.28 -78.532
60.3 -79.774
60.32 -79.171
60.34 -80.227
60.36 -78.784
60.38 -79.7
60.4 -78.364
60.42 -78.532
60.44 -77.875
60.46 -77.944
60.48 -77.753
60.5 -78.279
60.52 -77.552
60.54 -78.591
60.56 -77.842
60.58 -78.793
60.6 -78.695
60.62 -78.546
60.64 -79.132
60.66 -78.147
60.68 -78.319
60.7 -78.192
60.72 -78.056
60.74 -78.857
60.76 -78.432
60.78 -79.282
60.8 -78.347
60.82 -78.164
60.84 -78.129
60.86 -77.057
60.88 -77.496
60.9 -76.541
60.92 -77.058
60.94 -75.681
60.96 -76.674
60.98 -75.771
61 -77.581
61.02 -77.169
61.04 -77.864
61.06 -78.227
61.08 -77.535
61.1 -78.099
61.12 -77.633
61.14 -77.65
61.16 -78.173
61.18 -77.437
61.2 -78.468
61.22 -77.179
61.24 -78.107
61.26 -77.23
61.28 -77.725
61.3 -76.972
61.32 -77.235
61.34 -76.483
61.36 -77.208
61.38 -76.956
61.4 -78.116
61.42 -77.228
61.44 -78.228
61.46 -76.707
61.48 -77.824
61.5 -76.746
61.52 -78.29
61.54 -77.352
61.56 -78.402
61.58 -77.441
61.6 -78.386
61.62 -77.561
61.64 -78.413
61.66 -77.979
61.68 -78.119
61.7 -78.195
61.72 -77.904
61.74 -77.915
61.76 -77.609
61.78 -77.221
61.8 -77.191
61.82 -76.824
61.84 -76.95
61.86 -76.746
61.88 -77.296
61.9 -77.463
61.92 -77.691
61.94 -77.142
61.96 -77.561
61.98 -76.485
62 -77.146
62.02 -76.578
62.04 -77.394
62.06 -77.669
62.08 -77.254
62.1 -77.421
62.12 -76.509
62.14 -77.693
62.16 -76.727
62.18 -77.641
62.2 -77.249
62.22 -77.81
62.24 -77.221
62.26 -77.798
62.28 -76.976
62.3 -77.685
62.32 -76.876
62.34 -77.248
62.36 -76.865
62.38 -76.823
62.4 -76.895
62.42 -76.648
62.44 -77.288
62.46 -76.243
62.48 -76.657
62.5 -75.757
62.52 -76.811
62.54 -75.948
62.56 -77.021
62.58 -75.719
62.6 -76.879
62.62 -75.573
62.64 -76.244
62.66 -75.785
62.68 -76.313
62.7 -76.054
62.72 -76.888
62.74 -76.064
62.76 -77.147
62.78 -76.348
62.8 -76.405
62.82 -76.363
62.84 -75.582
62.86 -76.045
62.88 -75.186
62.9 -75.333
62.92 -75.653
62.94 -75.041
62.96 -76.264
62.98 -74.942
63 -76.029
63.02 -75.287
63.04 -76.219
63.06 -75.493
63.08 -76.521
63.1 -75.398
63.12 -76.507
63.14 -75.504
63.16 -76.2
63.18 -75.729
63.2 -75.392
63.22 -75.531
63.24 -75.802
63.26 -75.529
63.28 -75.833
63.3 -75.181
63.32 -75.354
63.34 -75.246
63.36 -75.249
63.38 -74.768
63.4 -74.647
63.42 -75.532
63.44 -74.65
63.46 -75.801
63.48 -75.105
63.5 -75.076
63.52 -75.365
63.54 -74.797
63.56 -75.478
63.58 -75.053
63.6 -75.479
63.62 -75.241
63.64 -75.212
63.66 -74.379
63.68 -74.344
63.7 -74.746
63.72 -74.368
63.74 -75.44
63.76 -75.139
63.78 -75.067
63.8 -75.233
63.82 -74.818
63.84 -75.037
63.86 -75.07
63.88 -74.658
63.9 -75.301
63.92 -74.61
63.94 -74.958
63.96 -74.7
63.98 -75.007
64 -74.402
