0.02 -84.417
0.04 -83.709
0.06 -84.14
0.08 -84.099
0.1 -83.146
0.12 -82.509
0.14 -82.019
0.16 -81.983
0.18 -82.315
0.2 -83.077
0.22 -84.443
0.24 -86.363
0.26 -86.801
0.28 -85.083
0.3 -84.496
0.32 -86.11
0.34 -88.527
0.36 -86.847
0.38 -86.101
0.4 -86.611
0.42 -86.795
0.44 -85.968
0.46 -84.298
0.48 -82.156
0.5 -80.993
0.52 -81.443
0.54 -81.591
0.56 -82.671
0.58 -84.864
0.6 -88.345
0.62 -86.262
0.64 -83.679
0.66 -80.519
0.68 -77.85
0.7 -76.593
0.72 -76.794
0.74 -78.006
0.76 -78.695
0.78 -78.245
0.8 -77.835
0.82 -77.45
0.84 -76.986
0.86 -75.854
0.88 -74.533
0.9 -74.338
0.92 -75.659
0.94 -78.094
0.96 -79.82
0.98 -78.393
1 -77.14
1.02 -76.823
1.04 -77.566
1.06 -79.189
1.08 -80.423
1.1 -80.267
1.12 -79.556
1.14 -79.151
1.16 -78.076
1.18 -78.059
1.2 -79.207
1.22 -80.026
1.24 -79.841
1.26 -80.062
1.28 -80.293
1.3 -80.039
1.32 -79.433
1.34 -77.584
1.36 -76.197
1.38 -76.198
1.4 -77.522
1.42 -78.307
1.44 -78.925
1.46 -80.025
1.48 -80.203
1.5 -78.895
1.52 -78.72
1.54 -78.678
1.56 -79.032
1.58 -78.428
1.6 -78.707
1.62 -79.034
1.64 -78.922
1.66 -80.396
1.68 -81.681
1.7 -81.008
1.72 -80.171
1.74 -78.728
1.76 -77.848
1.78 -78.451
1.8 -80.242
1.82 -82.016
1.84 -81.264
1.86 -80.104
1.88 -78.286
1.9 -76.713
1.92 -77.155
1.94 -79.957
1.96 -84.334
1.98 -87.214
2 -84.219
2.02 -79.486
2.04 -76.487
2.06 -76.158
2.08 -77.985
2.1 -74.284
2.12 -68.246
2.14 -64.279
2.16 -62.017
2.18 -60.563
2.2 -59.608
2.22 -59.144
2.24 -58.684
2.26 -60.536
2.28 -60.935
2.3 -61.947
2.32 -72.388
2.34 -80.093
2.36 -63.124
2.38 -58.979
2.4 -56.478
2.42 -55.551
2.44 -54.105
2.46 -52.21
2.48 -50.429
2.5 -48.963
2.52 -48.598
2.54 -47.57
2.56 -47.523
2.58 -47.119
2.6 -46.679
2.62 -46.795
2.64 -45.935
2.66 -45.736
2.68 -44.583
2.7 -44.05
2.72 -43.543
2.74 -43.385
2.76 -44.13
2.78 -44.539
2.8 -46.187
2.82 -47.39
2.84 -48.258
2.86 -49.592
2.88 -49.092
2.9 -49.236
2.92 -51.39
2.94 -62.707
2.96 -45.59
2.98 -37.149
3 -32.612
3.02 -29.933
3.04 -29.021
3.06 -30.053
3.08 -33.526
3.1 -40.406
3.12 -36.529
3.14 -32.384
3.16 -31.563
3.18 -31.793
3.2 -29.6
3.22 -26.09
3.24 -23.736
3.26 -22.868
3.28 -23.386
3.3 -24.998
3.32 -26.006
3.34 -24.143
3.36 -21.58
3.38 -19.865
3.4 -19.028
3.42 -18.886
3.44 -19.182
3.46 -19.612
3.48 -19.842
3.5 -19.631
3.52 -19.009
3.54 -18.093
3.56 -17.115
3.58 -16.248
3.6 -15.514
3.62 -14.959
3.64 -14.643
3.66 -14.589
3.68 -14.845
3.7 -15.516
3.72 -16.729
3.74 -18.757
3.76 -21.199
3.78 -21.837
3.8 -21.054
3.82 -21.302
3.84 -23.977
3.86 -25.073
3.88 -18.736
3.9 -15.841
3.92 -16.212
3.94 -18.237
3.96 -12.485
3.98 -6.809
4 -3.447
4.02 -1.778
4.04 -1.504
4.06 -2.558
4.08 -5.061
4.1 -9.41
4.12 -16.156
4.14 -19.131
4.16 -16.66
4.18 -16.674
4.2 -18.999
4.22 -23.38
4.24 -25.243
4.26 -23.433
4.28 -20.473
4.3 -18.287
4.32 -17.534
4.34 -18.441
4.36 -20.954
4.38 -23.258
4.4 -20.734
4.42 -17.703
4.44 -16.003
4.46 -15.197
4.48 -15.026
4.5 -15.485
4.52 -16.806
4.54 -19.257
4.56 -22.998
4.58 -23.306
4.6 -19.634
4.62 -16.794
4.64 -14.677
4.66 -13.086
4.68 -12.138
4.7 -11.917
4.72 -12.549
4.74 -14.208
4.76 -17.147
4.78 -21.795
4.8 -23.978
4.82 -21.9
4.84 -19.295
4.86 -17.549
4.88 -16.601
4.9 -16.213
4.92 -16.189
4.94 -16.393
4.96 -16.609
4.98 -16.598
5 -16.555
5.02 -16.684
5.04 -17.051
5.06 -17.769
5.08 -18.886
5.1 -19.843
5.12 -19.744
5.14 -19.124
5.16 -18.558
5.18 -18.442
5.2 -18.861
5.22 -19.769
5.24 -20.996
5.26 -22.678
5.28 -24.248
5.3 -25.302
5.32 -25.495
5.34 -21.438
5.36 -18.305
5.38 -16.715
5.4 -16.181
5.42 -16.314
5.44 -16.684
5.46 -16.847
5.48 -16.672
5.5 -16.339
5.52 -16.18
5.54 -16.367
5.56 -16.897
5.58 -17.705
5.6 -18.787
5.62 -20.143
5.64 -21.609
5.66 -22.737
5.68 -22.71
5.7 -21.497
5.72 -20.183
5.74 -18.756
5.76 -17.718
5.78 -17.418
5.8 -17.588
5.82 -17.878
5.84 -18.572
5.86 -19.37
5.88 -19.911
5.9 -19.997
5.92 -19.744
5.94 -19.052
5.96 -18.101
5.98 -17.447
6 -17.071
6.02 -17.047
6.04 -17.508
6.06 -18.617
6.08 -20.328
6.1 -21.018
6.12 -20.877
6.14 -20.159
6.16 -18.785
6.18 -17.489
6.2 -16.996
6.22 -17.506
6.24 -19.055
6.26 -21.612
6.28 -24.782
6.3 -25.617
6.32 -25.536
6.34 -26.236
6.36 -27.408
6.38 -25.86
6.4 -24.17
6.42 -21.787
6.44 -20.078
6.46 -19.302
6.48 -19.176
6.5 -18.697
6.52 -18.872
6.54 -19.629
6.56 -20.795
6.58 -21.932
6.6 -22.497
6.62 -22.624
6.64 -22.511
6.66 -23.117
6.68 -24.695
6.7 -25.323
6.72 -24.617
6.74 -23.937
6.76 -23.733
6.78 -23.782
6.8 -23.832
6.82 -22.872
6.84 -21.816
6.86 -21.336
6.88 -21.296
6.9 -21.376
6.92 -21.422
6.94 -21.515
6.96 -21.721
6.98 -22.036
7 -22.444
7.02 -23.05
7.04 -24.037
7.06 -25.552
7.08 -25.896
7.1 -25.161
7.12 -23.371
7.14 -21.851
7.16 -21.074
7.18 -21.06
7.2 -21.653
7.22 -22.567
7.24 -23.332
7.26 -23.537
7.28 -24
7.3 -25.154
7.32 -26.666
7.34 -27.645
7.36 -27.745
7.38 -27.39
7.4 -26.771
7.42 -26.279
7.44 -26.339
7.46 -26.822
7.48 -27.197
7.5 -28.292
7.52 -30.063
7.54 -29.839
7.56 -29.34
7.58 -28.536
7.6 -27.901
7.62 -27.732
7.64 -27.968
7.66 -28.337
7.68 -28.634
7.7 -28.571
7.72 -28.122
7.74 -27.736
7.76 -27.693
7.78 -28.059
7.8 -28.751
7.82 -29.504
7.84 -29.915
7.86 -29.785
7.88 -29.361
7.9 -28.917
7.92 -28.691
7.94 -28.777
7.96 -29.243
7.98 -30.092
8 -31.418
8.02 -33.505
8.04 -35.219
8.06 -35.141
8.08 -35.737
8.1 -36.405
8.12 -36.823
8.14 -36.587
8.16 -35.891
8.18 -35.497
8.2 -35.448
8.22 -35.64
8.24 -35.897
8.26 -35.814
8.28 -35.136
8.3 -34.284
8.32 -33.686
8.34 -33.641
8.36 -34.28
8.38 -35.635
8.4 -37.614
8.42 -38.677
8.44 -38.808
8.46 -38.859
8.48 -38.671
8.5 -38.122
8.52 -37.827
8.54 -37.214
8.56 -36.656
8.58 -36.727
8.6 -37.297
8.62 -37.923
8.64 -38.042
8.66 -37.887
8.68 -37.985
8.7 -38.61
8.72 -39.892
8.74 -41.675
8.76 -43.384
8.78 -42.561
8.8 -40.72
8.82 -39.501
8.84 -39.189
8.86 -38.646
8.88 -37.772
8.9 -36.878
8.92 -36.43
8.94 -36.678
8.96 -37.787
8.98 -39.171
9 -40.602
9.02 -42.818
9.04 -45.263
9.06 -47.12
9.08 -48.153
9.1 -46.084
9.12 -43.75
9.14 -41.864
9.16 -40.65
9.18 -40.088
9.2 -40.024
9.22 -40.213
9.24 -40.574
9.26 -41.255
9.28 -42.473
9.3 -44.364
9.32 -46.712
9.34 -48.721
9.36 -49.535
9.38 -49.818
9.4 -50.564
9.42 -50.194
9.44 -49.898
9.46 -49.201
9.48 -49.491
9.5 -50.594
9.52 -52.566
9.54 -54.576
9.56 -55.346
9.58 -51.721
9.6 -49.566
9.62 -47.985
9.64 -46.738
9.66 -45.386
9.68 -44.3
9.7 -43.992
9.72 -44.587
9.74 -46.245
9.76 -49.431
9.78 -52.427
9.8 -54.869
9.82 -52.515
9.84 -50.569
9.86 -50.948
9.88 -49.061
9.9 -44.334
9.92 -40.5
9.94 -38.172
9.96 -37.306
9.98 -37.918
10 -40.253
10.02 -45.178
10.04 -48.931
10.06 -46.532
10.08 -44.064
10.1 -43.241
10.12 -43.575
10.14 -44.852
10.16 -47.122
10.18 -50.562
10.2 -53.533
10.22 -51.055
10.24 -49.883
10.26 -51.884
10.28 -55.051
10.3 -50.585
10.32 -46.968
10.34 -45.425
10.36 -45.492
10.38 -46.767
10.4 -48.479
10.42 -49.69
10.44 -49.451
10.46 -49.699
10.48 -50.686
10.5 -51.879
10.52 -51.982
10.54 -51.035
10.56 -49.683
10.58 -48.037
10.6 -46.455
10.62 -45.269
10.64 -44.673
10.66 -44.668
10.68 -44.91
10.7 -44.922
10.72 -44.485
10.74 -43.953
10.76 -43.721
10.78 -43.886
10.8 -44.281
10.82 -44.486
10.84 -44.503
10.86 -44.431
10.88 -44.242
10.9 -43.82
10.92 -43.785
10.94 -44.366
10.96 -44.708
10.98 -43.416
11 -41.457
11.02 -39.574
11.04 -38.061
11.06 -36.986
11.08 -36.388
11.1 -36.346
11.12 -36.917
11.14 -38.066
11.16 -39.704
11.18 -41.615
11.2 -43.538
11.22 -45.079
11.24 -45.531
11.26 -45.162
11.28 -44.757
11.3 -43.828
11.32 -42.651
11.34 -41.756
11.36 -41.134
11.38 -41.138
11.4 -42.285
11.42 -44.836
11.44 -47.937
11.46 -47.238
11.48 -42.079
11.5 -38.884
11.52 -37.178
11.54 -36.537
11.56 -36.793
11.58 -37.933
11.6 -39.99
11.62 -42.82
11.64 -45.157
11.66 -44.967
11.68 -44.309
11.7 -44.597
11.72 -45.968
11.74 -47.787
11.76 -48.807
11.78 -48.631
11.8 -48.226
11.82 -47.722
11.84 -46.803
11.86 -46.216
11.88 -46.159
11.9 -46.524
11.92 -47.103
11.94 -47.797
11.96 -48.681
11.98 -49.806
12 -51.021
12.02 -51.918
12.04 -52.058
12.06 -50.489
12.08 -48.361
12.1 -46.511
12.12 -45.266
12.14 -44.746
12.16 -44.951
12.18 -45.895
12.2 -47.441
12.22 -49.363
12.24 -51.049
12.26 -51.978
12.28 -52.371
12.3 -52.263
12.32 -50.082
12.34 -47.85
12.36 -46.711
12.38 -46.717
12.4 -47.961
12.42 -50.572
12.44 -54.373
12.46 -57.529
12.48 -55.892
12.5 -54.289
12.52 -53.478
12.54 -53.052
12.56 -53.025
12.58 -53.54
12.6 -54.434
12.62 -54.491
12.64 -53.69
12.66 -53.12
12.68 -52.853
12.7 -51.605
12.72 -48.791
12.74 -46.27
12.76 -44.69
12.78 -44.196
12.8 -44.925
12.82 -47.15
12.84 -51.693
12.86 -54.654
12.88 -52.533
12.9 -48.764
12.92 -46.392
12.94 -44.905
12.96 -43.87
12.98 -43.148
13 -42.794
13.02 -42.896
13.04 -43.535
13.06 -44.822
13.08 -46.918
13.1 -50.133
13.12 -55.044
13.14 -60.531
13.16 -58.21
13.18 -55.447
13.2 -54.171
13.22 -53.86
13.24 -53.589
13.26 -52.227
13.28 -50.235
13.3 -48.878
13.32 -48.631
13.34 -49.652
13.36 -52.109
13.38 -55.919
13.4 -57.568
13.42 -54.86
13.44 -52.788
13.46 -52.008
13.48 -52.243
13.5 -53.289
13.52 -54.887
13.54 -56.302
13.56 -55.817
13.58 -53.951
13.6 -52.502
13.62 -52.047
13.64 -52.759
13.66 -54.903
13.68 -58.361
13.7 -60.49
13.72 -58.154
13.74 -56.242
13.76 -56.391
13.78 -58.216
13.8 -60.16
13.82 -60.019
13.84 -59.271
13.86 -58.674
13.88 -57.57
13.9 -56.235
13.92 -55.081
13.94 -55.09
13.96 -56.617
13.98 -59.447
14 -61.242
14.02 -59.558
14.04 -57.408
14.06 -55.707
14.08 -54.621
14.1 -54.004
14.12 -53.221
14.14 -51.777
14.16 -49.876
14.18 -48.08
14.2 -46.947
14.22 -46.62
14.24 -47.144
14.26 -48.497
14.28 -50.599
14.3 -53.099
14.32 -55.248
14.34 -56.564
14.36 -57.308
14.38 -58.186
14.4 -56.323
14.42 -53.675
14.44 -52.01
14.46 -51.24
14.48 -51.04
14.5 -51.122
14.52 -51.343
14.54 -51.898
14.56 -53.092
14.58 -54.972
14.6 -56.524
14.62 -55.814
14.64 -54.129
14.66 -53.391
14.68 -54.064
14.7 -56.536
14.72 -60.785
14.74 -61.588
14.76 -56.845
14.78 -54.27
14.8 -53.437
14.82 -53.946
14.84 -55.455
14.86 -57.478
14.88 -58.956
14.9 -59.134
14.92 -58.337
14.94 -57.088
14.96 -55.906
14.98 -55.102
15 -54.832
15.02 -54.954
15.04 -55.325
15.06 -55.804
15.08 -56.348
15.1 -57.2
15.12 -58.637
15.14 -60.378
15.16 -58.508
15.18 -54.256
15.2 -51.066
15.22 -49.073
15.24 -48.124
15.26 -48.065
15.28 -48.77
15.3 -50.099
15.32 -51.884
15.34 -54.243
15.36 -57.608
15.38 -62.678
15.4 -62.316
15.42 -57.592
15.44 -54.868
15.46 -53.732
15.48 -53.691
15.5 -54.434
15.52 -55.67
15.54 -57.193
15.56 -58.859
15.58 -59.391
15.6 -57.737
15.62 -55.791
15.64 -54.467
15.66 -53.972
15.68 -54.145
15.7 -54.826
15.72 -55.774
15.74 -56.872
15.76 -57.996
15.78 -59.075
15.8 -59.922
15.82 -60.098
15.84 -59.282
15.86 -57.63
15.88 -55.703
15.9 -53.9
15.92 -52.5
15.94 -51.643
15.96 -51.437
15.98 -51.849
16 -52.796
16.02 -53.923
16.04 -54.796
16.06 -55.446
16.08 -56.45
16.1 -58.561
16.12 -62.514
16.14 -69.196
16.16 -72.54
16.18 -72.659
16.2 -72.268
16.22 -65.607
16.24 -60.341
16.26 -57.448
16.28 -56.201
16.3 -56.296
16.32 -57.64
16.34 -60.377
16.36 -64.948
16.38 -69.945
16.4 -68.163
16.42 -64.533
16.44 -62.14
16.46 -60.827
16.48 -60.516
16.5 -61.363
16.52 -63.852
16.54 -69.292
16.56 -71.087
16.58 -66.044
16.6 -63.223
16.62 -62.251
16.64 -62.063
16.66 -61.785
16.68 -61.137
16.7 -60.905
16.72 -61.834
16.74 -64.453
16.76 -68.075
16.78 -66.511
16.8 -62.784
16.82 -60.938
16.84 -60.689
16.86 -61.782
16.88 -63.805
16.9 -65.331
16.92 -64.292
16.94 -62.52
16.96 -60.687
16.98 -58.636
17 -56.641
17.02 -55.047
17.04 -54.056
17.06 -53.759
17.08 -54.203
17.1 -55.47
17.12 -57.728
17.14 -61.334
17.16 -66.745
17.18 -70.878
17.2 -65.993
17.22 -63.39
17.24 -62.882
17.26 -63.56
17.28 -64.171
17.3 -63.365
17.32 -61.795
17.34 -60.833
17.36 -60.845
17.38 -61.907
17.4 -64.079
17.42 -67.487
17.44 -72.556
17.46 -78.289
17.48 -76.773
17.5 -72.383
17.52 -69.211
17.54 -67.143
17.56 -65.975
17.58 -65.631
17.6 -65.963
17.62 -66.497
17.64 -65.981
17.66 -64.822
17.68 -64.312
17.7 -64.788
17.72 -66.501
17.74 -69.742
17.76 -72.864
17.78 -70.502
17.8 -66.791
17.82 -64.555
17.84 -63.537
17.86 -63.344
17.88 -63.436
17.9 -63.345
17.92 -62.925
17.94 -62.537
17.96 -62.503
17.98 -62.879
18 -63.393
18.02 -63.664
18.04 -63.562
18.06 -63.683
18.08 -64.686
18.1 -67.337
18.12 -72.325
18.14 -73.408
18.16 -71.188
18.18 -70.544
18.2 -73.216
18.22 -76.297
18.24 -72.894
18.26 -67.516
18.28 -64.57
18.3 -63.176
18.32 -62.789
18.34 -63.14
18.36 -64.108
18.38 -65.474
18.4 -66.701
18.42 -67.56
18.44 -68.437
18.46 -69.632
18.48 -71.375
18.5 -73.39
18.52 -74.434
18.54 -73.124
18.56 -71.58
18.58 -70.587
18.6 -69.993
18.62 -69.668
18.64 -69.749
18.66 -70.287
18.68 -71.526
18.7 -73.692
18.72 -76.43
18.74 -77.809
18.76 -77.519
18.78 -75.113
18.8 -72.562
18.82 -70.198
18.84 -68.069
18.86 -66.34
18.88 -65.208
18.9 -64.757
18.92 -64.894
18.94 -65.434
18.96 -66.131
18.98 -67.016
19 -68.609
19.02 -71.602
19.04 -76.1
19.06 -74.231
19.08 -71.492
19.1 -70.268
19.12 -70.433
19.14 -71.417
19.16 -71.469
19.18 -71.897
19.2 -72.814
19.22 -73.53
19.24 -73.745
19.26 -73.662
19.28 -72.408
19.3 -70.927
19.32 -69.989
19.34 -69.754
19.36 -70.027
19.38 -70.464
19.4 -70.713
19.42 -70.699
19.44 -70.908
19.46 -71.72
19.48 -73.068
19.5 -74.054
19.52 -73.655
19.54 -72.445
19.56 -71.511
19.58 -71.418
19.6 -72.44
19.62 -74.842
19.64 -78.378
19.66 -80.507
19.68 -77.212
19.7 -75.337
19.72 -74.781
19.74 -74.533
19.76 -73.453
19.78 -71.959
19.8 -70.799
19.82 -70.362
19.84 -70.943
19.86 -72.766
19.88 -76.156
19.9 -80.424
19.92 -80.928
19.94 -78.175
19.96 -76.584
19.98 -75.846
20 -75.347
20.02 -73.453
20.04 -71.313
20.06 -69.764
20.08 -68.883
20.1 -68.616
20.12 -68.714
20.14 -68.706
20.16 -68.182
20.18 -67.334
20.2 -66.772
20.22 -66.918
20.24 -67.945
20.26 -69.73
20.28 -71.473
20.3 -71.765
20.32 -70.805
20.34 -69.906
20.36 -69.604
20.38 -70.029
20.4 -71.167
20.42 -72.997
20.44 -75.223
20.46 -77.181
20.48 -77.76
20.5 -77.117
20.52 -76.732
20.54 -76.588
20.56 -76.411
20.58 -76.219
20.6 -76.393
20.62 -77.441
20.64 -79.961
20.66 -85.442
20.68 -83.529
20.7 -77.141
20.72 -73.172
20.74 -71.005
20.76 -70.001
20.78 -69.65
20.8 -69.676
20.82 -70.034
20.84 -70.748
20.86 -71.418
20.88 -71.321
20.9 -70.736
20.92 -70.636
20.94 -71.627
20.96 -74.01
20.98 -76.905
21 -78.823
21.02 -75.813
21.04 -72.565
21.06 -70.818
21.08 -70.426
21.1 -71.428
21.12 -73.971
21.14 -77.93
21.16 -78.643
21.18 -77.681
21.2 -78.058
21.22 -77.82
21.24 -76.386
21.26 -75.196
21.28 -75.634
21.3 -78.024
21.32 -79.387
21.34 -79.166
21.36 -78.722
21.38 -76.396
21.4 -76.154
21.42 -76.575
21.44 -75.433
21.46 -72.738
21.48 -70.315
21.5 -68.882
21.52 -68.539
21.54 -69.272
21.56 -71.079
21.58 -73.863
21.6 -77.432
21.62 -82.056
21.64 -85.603
21.66 -84.287
21.68 -80.031
21.7 -76.52
21.72 -74.792
21.74 -74.311
21.76 -74.531
21.78 -74.844
21.8 -74.827
21.82 -74.576
21.84 -74.362
21.86 -74.309
21.88 -74.271
21.9 -74.069
21.92 -73.675
21.94 -73.083
21.96 -72.288
21.98 -71.528
22 -71.064
22.02 -71.095
22.04 -71.684
22.06 -72.602
22.08 -73.43
22.1 -73.683
22.12 -73.422
22.14 -73.538
22.16 -74.644
22.18 -77.154
22.2 -81.494
22.22 -84.742
22.24 -83.603
22.26 -82.157
22.28 -82.572
22.3 -79.586
22.32 -76.695
22.34 -74.902
22.36 -73.809
22.38 -73.285
22.4 -73.219
22.42 -73.535
22.44 -74.081
22.46 -74.944
22.48 -76.476
22.5 -79.379
22.52 -80.357
22.54 -77.897
22.56 -74.553
22.58 -72.679
22.6 -72.246
22.62 -73.257
22.64 -75.734
22.66 -78.964
22.68 -76.467
22.7 -73.732
22.72 -72.467
22.74 -72.634
22.76 -74.188
22.78 -77.394
22.8 -83.07
22.82 -89.495
22.84 -86.768
22.86 -83.577
22.88 -82.432
22.9 -80.204
22.92 -78.79
22.94 -78.553
22.96 -79.342
22.98 -80.202
23 -80.472
23.02 -79.279
23.04 -77.443
23.06 -76.365
23.08 -76.279
23.1 -76.982
23.12 -77.886
23.14 -77.848
23.16 -77.764
23.18 -78.489
23.2 -80.105
23.22 -81.3
23.24 -80.424
23.26 -77.388
23.28 -75.825
23.3 -75.656
23.32 -76.653
23.34 -78.643
23.36 -80.314
23.38 -78.029
23.4 -76.578
23.42 -76.485
23.44 -77.743
23.46 -80.401
23.48 -83.29
23.5 -81.157
23.52 -79.306
23.54 -78.385
23.56 -77.924
23.58 -77.592
23.6 -77.473
23.62 -77.773
23.64 -78.508
23.66 -79.332
23.68 -79.675
23.7 -79.249
23.72 -79.351
23.74 -79.338
23.76 -78.074
23.78 -76.472
23.8 -75.049
23.82 -74.115
23.84 -73.969
23.86 -74.851
23.88 -76.952
23.9 -80.263
23.92 -82.825
23.94 -80.642
23.96 -77.727
23.98 -76.215
24 -75.759
24.02 -76.027
24.04 -76.749
24.06 -77.928
24.08 -78.605
24.1 -79.217
24.12 -80.226
24.14 -79.601
24.16 -78.594
24.18 -78.239
24.2 -78.743
24.22 -80.313
24.24 -82.992
24.26 -86.442
24.28 -87.448
24.3 -85.598
24.32 -84.224
24.34 -83.252
24.36 -82.294
24.38 -81.985
24.4 -82.839
24.42 -85.229
24.44 -89.406
24.46 -88.656
24.48 -84.57
24.5 -81.471
24.52 -79.463
24.54 -78.374
24.56 -78.137
24.58 -78.75
24.6 -80.247
24.62 -82.44
24.64 -83.591
24.66 -82.928
24.68 -81.635
24.7 -80.554
24.72 -79.953
24.74 -79.888
24.76 -80.503
24.78 -81.853
24.8 -83.518
24.82 -85.041
24.84 -86.31
24.86 -86.068
24.88 -84.036
24.9 -82.008
24.92 -80.157
24.94 -78.35
24.96 -76.994
24.98 -75.899
25 -75.063
25.02 -75.09
25.04 -76.321
25.06 -78.948
25.08 -81.789
25.1 -82.339
25.12 -81.78
25.14 -81.372
25.16 -82.357
25.18 -84.769
25.2 -86.807
25.22 -85.425
25.24 -81.605
25.26 -79.218
25.28 -77.857
25.3 -77.394
25.32 -77.887
25.34 -79.482
25.36 -82.366
25.38 -84.349
25.4 -83.186
25.42 -82.174
25.44 -82.254
25.46 -83.097
25.48 -83.935
25.5 -84.206
25.52 -84.618
25.54 -85.521
25.56 -86.213
25.58 -85.744
25.6 -83.453
25.62 -81.215
25.64 -79.768
25.66 -79.119
25.68 -79.292
25.7 -80.219
25.72 -80.977
25.74 -80.325
25.76 -80.368
25.78 -81.974
25.8 -82.241
25.82 -83.284
25.84 -84.395
25.86 -85.021
25.88 -86.552
25.9 -87.535
25.92 -85.335
25.94 -82.54
25.96 -80.808
25.98 -80.41
26 -80.927
26.02 -81.894
26.04 -82.872
26.06 -83.733
26.08 -84.419
26.1 -84.893
26.12 -84.696
26.14 -83.816
26.16 -83.128
26.18 -82.871
26.2 -83.009
26.22 -83.286
26.24 -83.827
26.26 -84.72
26.28 -85.592
26.3 -86.231
26.32 -86.929
26.34 -87.12
26.36 -86.592
26.38 -85.565
26.4 -84.26
26.42 -83.132
26.44 -82.53
26.46 -82.308
26.48 -82.393
26.5 -82.973
26.52 -84.261
26.54 -86.259
26.56 -87.435
26.58 -86.61
26.6 -84.953
26.62 -82.958
26.64 -81.27
26.66 -80.245
26.68 -79.899
26.7 -80.173
26.72 -81.017
26.74 -82.348
26.76 -84.008
26.78 -85.386
26.8 -84.844
26.82 -82.915
26.84 -81.384
26.86 -80.648
26.88 -80.542
26.9 -79.699
26.92 -79.221
26.94 -79.465
26.96 -80.224
26.98 -81.397
27 -82.533
27.02 -82.927
27.04 -82.802
27.06 -82.195
27.08 -81.556
27.1 -81.598
27.12 -82.356
27.14 -83.879
27.16 -86.153
27.18 -88.373
27.2 -88.928
27.22 -88.442
27.24 -88.003
27.26 -87.843
27.28 -86.182
27.3 -84.98
27.32 -84.417
27.34 -84.194
27.36 -83.995
27.38 -83.852
27.4 -83.921
27.42 -84.195
27.44 -85.008
27.46 -86.295
27.48 -86.04
27.5 -87.289
27.52 -88.218
27.54 -87.177
27.56 -85.944
27.58 -84.694
27.6 -83.275
27.62 -82.423
27.64 -82.214
27.66 -82.566
27.68 -83.379
27.7 -84.744
27.72 -87.014
27.74 -88.421
27.76 -87.211
27.78 -85.923
27.8 -85.437
27.82 -86.254
27.84 -86.902
27.86 -86.049
27.88 -84.019
27.9 -82.261
27.92 -81.557
27.94 -82.221
27.96 -84.439
27.98 -87.443
28 -89.25
28.02 -86.465
28.04 -85.154
28.06 -85.452
28.08 -85.229
28.1 -84.988
28.12 -85.659
28.14 -86.971
28.16 -87.266
28.18 -86.274
28.2 -85.263
28.22 -84.998
28.24 -85.232
28.26 -85.573
28.28 -85.828
28.3 -86.248
28.32 -86.679
28.34 -86.266
28.36 -85.852
28.38 -86.16
28.4 -87.178
28.42 -88.535
28.44 -88.647
28.46 -87.484
28.48 -86.781
28.5 -86.702
28.52 -86.782
28.54 -86.878
28.56 -87.343
28.58 -88.252
28.6 -86.076
28.62 -85.742
28.64 -87.518
28.66 -88.786
28.68 -88.046
28.7 -86.902
28.72 -86.389
28.74 -87.776
28.76 -91.541
28.78 -93.72
28.8 -89.781
28.82 -88.444
28.84 -90.004
28.86 -89.686
28.88 -88.01
28.9 -85.593
28.92 -82.459
28.94 -80.837
28.96 -80.467
28.98 -80.99
29 -82.002
29.02 -83.1
29.04 -83.35
29.06 -82.944
29.08 -81.153
29.1 -77.578
29.12 -73.754
29.14 -71.253
29.16 -70.299
29.18 -70.479
29.2 -71.497
29.22 -73.245
29.24 -74.655
29.26 -74.967
29.28 -75.673
29.3 -78.232
29.32 -80.718
29.34 -79.761
29.36 -77.259
29.38 -76.026
29.4 -75.63
29.42 -75.941
29.44 -76.611
29.46 -77.074
29.48 -76.811
29.5 -74.992
29.52 -72.787
29.54 -71.121
29.56 -70.242
29.58 -70.187
29.6 -70.844
29.62 -71.821
29.64 -72.829
29.66 -74.187
29.68 -75.938
29.7 -76.583
29.72 -77.498
29.74 -79.367
29.76 -79.817
29.78 -79.423
29.8 -79.577
29.82 -80.561
29.84 -81.887
29.86 -83.367
29.88 -84.976
29.9 -82.821
29.92 -80.962
29.94 -79.131
29.96 -77.894
29.98 -77.764
30 -78.767
30.02 -81.026
30.04 -84.597
30.06 -86.728
30.08 -83.951
30.1 -81.703
30.12 -80.678
30.14 -80.7
30.16 -81.517
30.18 -82.731
30.2 -83.922
30.22 -85.262
30.24 -87.028
30.26 -86.641
30.28 -85.266
30.3 -84.792
30.32 -85.06
30.34 -84.218
30.36 -84.096
30.38 -85.294
30.4 -86.554
30.42 -86.625
30.44 -86.18
30.46 -85.71
30.48 -85.764
30.5 -87.021
30.52 -89.085
30.54 -90.281
30.56 -89.709
30.58 -88.16
30.6 -86.717
30.62 -86.714
30.64 -88.69
30.66 -90.874
30.68 -88.103
30.7 -85.845
30.72 -84.789
30.74 -84.935
30.76 -85.549
30.78 -85.66
30.8 -85.128
30.82 -83.929
30.84 -82.853
30.86 -82.427
30.88 -82.876
30.9 -84.372
30.92 -86.583
30.94 -86.804
30.96 -85.532
30.98 -84.221
31 -83.818
31.02 -84.501
31.04 -85.764
31.06 -85.778
31.08 -83.971
31.1 -82.453
31.12 -81.965
31.14 -82.612
31.16 -84.408
31.18 -87.003
31.2 -86.59
31.22 -84.83
31.24 -84.124
31.26 -84.463
31.28 -85.574
31.3 -86.723
31.32 -86.936
31.34 -86.365
31.36 -85.902
31.38 -85.343
31.4 -83.994
31.42 -82.543
31.44 -81.632
31.46 -81.415
31.48 -81.931
31.5 -82.401
31.52 -82.797
31.54 -83.767
31.56 -84.396
31.58 -84.514
31.6 -85.557
31.62 -85.969
31.64 -85.504
31.66 -84.637
31.68 -83.952
31.7 -84.096
31.72 -85.224
31.74 -86.119
31.76 -86.45
31.78 -87.321
31.8 -86.651
31.82 -85.974
31.84 -85.734
31.86 -84.69
31.88 -84.671
31.9 -85.947
31.92 -88.052
31.94 -88.753
31.96 -86.451
31.98 -85.843
32 -86.475
32.02 -87.244
32.04 -86.984
32.06 -86.443
32.08 -86.791
32.1 -88.382
32.12 -89.453
32.14 -90.368
32.16 -88.666
32.18 -87.54
32.2 -87.498
32.22 -88.269
32.24 -88.372
32.26 -89.081
32.28 -90.634
32.3 -92.957
32.32 -94.8
32.34 -93.512
32.36 -89.002
32.38 -86.546
32.4 -85.265
32.42 -84.917
32.44 -85.13
32.46 -85.583
32.48 -85.975
32.5 -86.674
32.52 -88.191
32.54 -88.312
32.56 -87.673
32.58 -87.223
32.6 -86.589
32.62 -86.23
32.64 -86.33
32.66 -86.511
32.68 -86.771
32.7 -87.26
32.72 -88.028
32.74 -89.294
32.76 -89.993
32.78 -88.949
32.8 -88.842
32.82 -89.498
32.84 -90.668
32.86 -87.512
32.88 -84.74
32.9 -83.127
32.92 -82.581
32.94 -82.816
32.96 -83.477
32.98 -84.494
33 -86.009
33.02 -86.404
33.04 -86.411
33.06 -85.654
33.08 -85.036
33.1 -84.723
33.12 -85.085
33.14 -86.218
33.16 -87.356
33.18 -87.862
33.2 -87.089
33.22 -85.687
33.24 -84.596
33.26 -84.308
33.28 -85.062
33.3 -87.004
33.32 -89.86
33.34 -89.705
33.36 -88.424
33.38 -87.551
33.4 -88.077
33.42 -90.483
33.44 -90.43
33.46 -87.18
33.48 -84.882
33.5 -83.806
33.52 -83.793
33.54 -84.24
33.56 -84.126
33.58 -83.246
33.6 -82.358
33.62 -82.003
33.64 -82.311
33.66 -82.975
33.68 -83.466
33.7 -83.527
33.72 -83.446
33.74 -83.665
33.76 -84.21
33.78 -84.692
33.8 -85.371
33.82 -86.1
33.84 -87.178
33.86 -88.825
33.88 -90.417
33.9 -91.785
33.92 -90.936
33.94 -89.304
33.96 -86.523
33.98 -84.945
34 -84.392
34.02 -84.56
34.04 -85.125
34.06 -85.714
34.08 -86.064
34.1 -86.155
34.12 -86.145
34.14 -86.085
34.16 -85.996
34.18 -85.348
34.2 -84.418
34.22 -84.102
34.24 -84.546
34.26 -85.442
34.28 -85.894
34.3 -85.803
34.32 -86
34.34 -86.901
34.36 -88.722
34.38 -89.744
34.4 -87.912
34.42 -87.213
34.44 -87.999
34.46 -88.349
34.48 -87.122
34.5 -86.279
34.52 -86.481
34.54 -87.753
34.56 -90.03
34.58 -91.408
34.6 -88.958
34.62 -86.765
34.64 -85.812
34.66 -86.337
34.68 -88.456
34.7 -91.735
34.72 -91.222
34.74 -90.726
34.76 -90.487
34.78 -90.18
34.8 -88.897
34.82 -88.052
34.84 -87.437
34.86 -86.145
34.88 -85.33
34.9 -85.442
34.92 -86.535
34.94 -87.235
34.96 -85.351
34.98 -83.33
35 -82.42
35.02 -82.754
35.04 -84.328
35.06 -87.058
35.08 -90.387
35.1 -92.159
35.12 -90.685
35.14 -89.456
35.16 -89.685
35.18 -91.178
35.2 -92.937
35.22 -92.41
35.24 -92.112
35.26 -91.861
35.28 -90.459
35.3 -89.464
35.32 -89.468
35.34 -90.639
35.36 -90.942
35.38 -90.241
35.4 -89.186
35.42 -88.525
35.44 -87.967
35.46 -86.341
35.48 -84.968
35.5 -84.532
35.52 -85.536
35.54 -88.096
35.56 -91.346
35.58 -92.117
35.6 -89.292
35.62 -86.708
35.64 -85.074
35.66 -84.51
35.68 -84.561
35.7 -84.568
35.72 -85.077
35.74 -86.401
35.76 -88.928
35.78 -92.655
35.8 -93.528
35.82 -92.941
35.84 -92.184
35.86 -91.313
35.88 -88.673
35.9 -86.43
35.92 -85.416
35.94 -85.853
35.96 -87.183
35.98 -88.834
36 -90.876
36.02 -91.299
36.04 -91.251
36.06 -91.05
36.08 -90.251
36.1 -89.203
36.12 -87.57
36.14 -86.602
36.16 -86.336
36.18 -86.578
36.2 -87.49
36.22 -88.731
36.24 -89.782
36.26 -89.724
36.28 -89.746
36.3 -90.266
36.32 -89.596
36.34 -88.57
36.36 -88.244
36.38 -88.1
36.4 -87.636
36.42 -87.187
36.44 -86.837
36.46 -86.921
36.48 -87.656
36.5 -89.099
36.52 -90.23
36.54 -88.657
36.56 -86.665
36.58 -85.385
36.6 -85.042
36.62 -85.589
36.64 -86.671
36.66 -87.451
36.68 -88.156
36.7 -88.792
36.72 -89.176
36.74 -88.707
36.76 -87.999
36.78 -87.439
36.8 -87.114
36.82 -87.246
36.84 -87.901
36.86 -88.381
36.88 -88.204
36.9 -87.885
36.92 -87.401
36.94 -87.307
36.96 -87.684
36.98 -87.829
37 -87.091
37.02 -86.196
37.04 -85.779
37.06 -85.904
37.08 -86.502
37.1 -87.285
37.12 -87.338
37.14 -86.298
37.16 -85.763
37.18 -86.301
37.2 -87.185
37.22 -86.707
37.24 -86.084
37.26 -87.073
37.28 -87.095
37.3 -87.165
37.32 -87.756
37.34 -88.569
37.36 -88.102
37.38 -86.782
37.4 -85.527
37.42 -84.643
37.44 -84.165
37.46 -84.247
37.48 -84.909
37.5 -85.953
37.52 -86.902
37.54 -87.055
37.56 -86.815
37.58 -86.433
37.6 -85.703
37.62 -85.21
37.64 -85.296
37.66 -85.868
37.68 -86.538
37.7 -87.324
37.72 -87.288
37.74 -85.973
37.76 -84.881
37.78 -84.75
37.8 -85.531
37.82 -85.043
37.84 -84.702
37.86 -84.617
37.88 -84.617
37.9 -84.06
37.92 -83.528
37.94 -83.223
37.96 -83.188
37.98 -83.601
38 -84.378
38.02 -85.129
38.04 -85.586
38.06 -85.945
38.08 -86.637
38.1 -87.438
38.12 -87.507
38.14 -86.729
38.16 -85.681
38.18 -84.607
38.2 -83.749
38.22 -83.324
38.24 -83.45
38.26 -84.245
38.28 -85.704
38.3 -87.621
38.32 -89.008
38.34 -88.91
38.36 -88.021
38.38 -87.052
38.4 -86.882
38.42 -86.601
38.44 -86.784
38.46 -87.898
38.48 -90.166
38.5 -90.03
38.52 -88.946
38.54 -87.737
38.56 -87.042
38.58 -87.375
38.6 -88.507
38.62 -89.783
38.64 -90.751
38.66 -89.897
38.68 -89.488
38.7 -89.333
38.72 -89.514
38.74 -89.951
38.76 -89.896
38.78 -88.7
38.8 -87.356
38.82 -86.913
38.84 -87.721
38.86 -89.262
38.88 -89.385
38.9 -87.872
38.92 -86.227
38.94 -85.662
38.96 -86.173
38.98 -87.801
39 -89.69
39.02 -88.401
39.04 -87.64
39.06 -87.536
39.08 -87.41
39.1 -87
39.12 -86.579
39.14 -86.438
39.16 -86.468
39.18 -86.498
39.2 -86.291
39.22 -85.925
39.24 -86.339
39.26 -87.498
39.28 -87.31
39.3 -87.145
39.32 -88.271
39.34 -90.669
39.36 -91.307
39.38 -88.713
39.4 -86.431
39.42 -85.599
39.44 -86.287
39.46 -88.579
39.48 -90.931
39.5 -89.817
39.52 -87.575
39.54 -86.911
39.56 -88.015
39.58 -89.586
39.6 -89.83
39.62 -88.236
39.64 -87.152
39.66 -87.232
39.68 -88.658
39.7 -90.157
39.72 -91.709
39.74 -92.944
39.76 -90.376
39.78 -87.272
39.8 -85.636
39.82 -85.441
39.84 -86.328
39.86 -88.581
39.88 -89.849
39.9 -89.858
39.92 -88.408
39.94 -86.698
39.96 -85.667
39.98 -85.482
40 -86.156
40.02 -87.449
40.04 -88.258
40.06 -86.787
40.08 -86.028
40.1 -86.234
40.12 -86.411
40.14 -85.657
40.16 -84.252
40.18 -83.161
40.2 -82.816
40.22 -83.238
40.24 -84.3
40.26 -85.87
40.28 -87.489
40.3 -88.564
40.32 -88.974
40.34 -89.563
40.36 -89.53
40.38 -87.923
40.4 -86.624
40.42 -86.161
40.44 -86.447
40.46 -87.377
40.48 -88.894
40.5 -89.646
40.52 -89.821
40.54 -90.285
40.56 -91.62
40.58 -91.31
40.6 -89.204
40.62 -87.829
40.64 -87.219
40.66 -86.335
40.68 -85.26
40.7 -84.963
40.72 -85.734
40.74 -87.148
40.76 -87.773
40.78 -87.13
40.8 -86.412
40.82 -86.321
40.84 -86.712
40.86 -86.359
40.88 -85.49
40.9 -85.403
40.92 -85.885
40.94 -86.345
40.96 -86.852
40.98 -87.416
41 -87.397
41.02 -87.744
41.04 -89.021
41.06 -90.623
41.08 -91.613
41.1 -91.047
41.12 -89.841
41.14 -89.646
41.16 -89.576
41.18 -89.518
41.2 -89.266
41.22 -89.332
41.24 -89.856
41.26 -89.961
41.28 -88.599
41.3 -87.503
41.32 -87.635
41.34 -88.919
41.36 -90.697
41.38 -91.019
41.4 -90.593
41.42 -90.37
41.44 -92.479
41.46 -92.703
41.48 -89.802
41.5 -88.094
41.52 -88.104
41.54 -89.621
41.56 -90.501
41.58 -89.171
41.6 -87.385
41.62 -87.004
41.64 -87.82
41.66 -89.447
41.68 -91.15
41.7 -90.373
41.72 -87.527
41.74 -85.107
41.76 -83.861
41.78 -84.097
41.8 -86.288
41.82 -90.439
41.84 -94.232
41.86 -89.295
41.88 -86.658
41.9 -86.022
41.92 -86.652
41.94 -87.65
41.96 -88.166
41.98 -88.527
42 -89.442
42.02 -90.984
42.04 -90.047
42.06 -87.612
42.08 -85.691
42.1 -84.127
42.12 -82.936
42.14 -82.4
42.16 -82.687
42.18 -83.847
42.2 -85.772
42.22 -87.773
42.24 -88.621
42.26 -89.008
42.28 -88.824
42.3 -87.246
42.32 -85.908
42.34 -85.54
42.36 -86.196
42.38 -87.554
42.4 -88.91
42.42 -89.559
42.44 -89.525
42.46 -89.234
42.48 -88.901
42.5 -88.135
42.52 -87.436
42.54 -87.199
42.56 -87.478
42.58 -88.065
42.6 -87.854
42.62 -86.609
42.64 -85.983
42.66 -86.042
42.68 -86.301
42.7 -86.12
42.72 -85.584
42.74 -85.377
42.76 -86.058
42.78 -87.691
42.8 -89.768
42.82 -90.817
42.84 -89.658
42.86 -88.409
42.88 -87.742
42.9 -87.244
42.92 -86.706
42.94 -87.077
42.96 -88.591
42.98 -89.464
43 -88.756
43.02 -88.648
43.04 -89.481
43.06 -90.24
43.08 -90.253
43.1 -89.814
43.12 -89.236
43.14 -88.99
43.16 -89.075
43.18 -88.565
43.2 -87.718
43.22 -87.52
43.24 -87.211
43.26 -86.234
43.28 -85.953
43.3 -86.367
43.32 -87.513
43.34 -87.515
43.36 -85.938
43.38 -85.684
43.4 -86.707
43.42 -87.728
43.44 -87.184
43.46 -85.904
43.48 -85.04
43.5 -84.731
43.52 -85.234
43.54 -86.385
43.56 -86.745
43.58 -87.336
43.6 -87.59
43.62 -87.036
43.64 -86.938
43.66 -87.773
43.68 -88.871
43.7 -89.134
43.72 -88.643
43.74 -88.093
43.76 -88.52
43.78 -90.356
43.8 -91.299
43.82 -91.607
43.84 -92.533
43.86 -91.835
43.88 -90.141
43.9 -89.129
43.92 -89.228
43.94 -90.661
43.96 -93.24
43.98 -92.426
44 -91.171
44.02 -91.135
44.04 -90.486
44.06 -90.733
44.08 -90.924
44.1 -90.267
44.12 -88.28
44.14 -87.744
44.16 -87.077
44.18 -86.43
44.2 -86.079
44.22 -86.495
44.24 -87.58
44.26 -89.674
44.28 -91.293
44.3 -91.441
44.32 -89.585
44.34 -86.941
44.36 -85.177
44.38 -84.578
44.4 -85.202
44.42 -87.053
44.44 -89.971
44.46 -92.371
44.48 -91.635
44.5 -91.091
44.52 -90.361
44.54 -88.621
44.56 -87.123
44.58 -85.913
44.6 -85.211
44.62 -84.698
44.64 -84.009
44.66 -83.14
44.68 -82.298
44.7 -81.828
44.72 -82.07
44.74 -83.274
44.76 -85.659
44.78 -88.712
44.8 -91.097
44.82 -91.709
44.84 -89.309
44.86 -87.981
44.88 -87.405
44.9 -86.242
44.92 -85.112
44.94 -84.407
44.96 -84.334
44.98 -84.964
45 -86.223
45.02 -87.496
45.04 -87.56
45.06 -86.481
45.08 -85.583
45.1 -85.757
45.12 -86.396
45.14 -87.082
45.16 -87.893
45.18 -87.697
45.2 -88.458
45.22 -90.796
45.24 -93.701
45.26 -93.82
45.28 -91.291
45.3 -89.245
45.32 -87.778
45.34 -87.274
45.36 -87.131
45.38 -85.748
45.4 -84.506
45.42 -84.458
45.44 -85.804
45.46 -88.326
45.48 -91.295
45.5 -92.993
45.52 -93.202
45.54 -93.222
45.56 -92.425
45.58 -90.5
45.6 -89.053
45.62 -88.36
45.64 -88.097
45.66 -88.24
45.68 -88.703
45.7 -88.963
45.72 -88.643
45.74 -88.593
45.76 -89.013
45.78 -91.673
45.8 -94.168
45.82 -91.63
45.84 -89.085
45.86 -87.733
45.88 -87.341
45.9 -87.235
45.92 -86.965
45.94 -86.717
45.96 -86.507
45.98 -86.634
46 -88.151
46.02 -89.643
46.04 -88.867
46.06 -88.352
46.08 -88.018
46.1 -88.784
46.12 -91.49
46.14 -95.922
46.16 -93.94
46.18 -91.56
46.2 -90.204
46.22 -89.027
46.24 -87.825
46.26 -86.909
46.28 -85.694
46.3 -84.636
46.32 -84.291
46.34 -84.893
46.36 -85.982
46.38 -85.426
46.4 -85.015
46.42 -85.189
46.44 -85.787
46.46 -86.409
46.48 -86.805
46.5 -87.02
46.52 -87.474
46.54 -87.442
46.56 -86.301
46.58 -84.923
46.6 -84.102
46.62 -84.042
46.64 -84.432
46.66 -84.837
46.68 -85.558
46.7 -86.907
46.72 -89.416
46.74 -91.544
46.76 -89.934
46.78 -88.542
46.8 -87.395
46.82 -86.495
46.84 -86.087
46.86 -86.503
46.88 -87.875
46.9 -89.972
46.92 -90.761
46.94 -89.267
46.96 -87.906
46.98 -87.361
47 -87.554
47.02 -87.872
47.04 -87.615
47.06 -86.942
47.08 -86.557
47.1 -86.89
47.12 -87.84
47.14 -89.039
47.16 -90.769
47.18 -91.323
47.2 -89.232
47.22 -88.273
47.24 -88.426
47.26 -88.828
47.28 -88.535
47.3 -87.519
47.32 -88.104
47.34 -90.207
47.36 -93.309
47.38 -93.58
47.4 -92.668
47.42 -89.067
47.44 -86.473
47.46 -85.32
47.48 -85.366
47.5 -86.24
47.52 -86.82
47.54 -86.394
47.56 -85.933
47.58 -85.648
47.6 -85.852
47.62 -87.069
47.64 -89.706
47.66 -91.823
47.68 -90.692
47.7 -89.019
47.72 -87.962
47.74 -88.18
47.76 -89.295
47.78 -89.7
47.8 -89.532
47.82 -89.207
47.84 -88.95
47.86 -88.925
47.88 -86.978
47.9 -85.596
47.92 -85.06
47.94 -85.3
47.96 -86.197
47.98 -87.502
48 -88.843
48.02 -89.472
48.04 -89.127
48.06 -89.057
48.08 -89.51
48.1 -88.442
48.12 -87.209
48.14 -86.654
48.16 -86.442
48.18 -87.166
48.2 -88.683
48.22 -87.7
48.24 -86.725
48.26 -86.956
48.28 -88.684
48.3 -90.108
48.32 -90.725
48.34 -91.287
48.36 -91.37
48.38 -89.713
48.4 -88.581
48.42 -86.538
48.44 -85.873
48.46 -86.559
48.48 -88.115
48.5 -89.326
48.52 -89.291
48.54 -88.584
48.56 -87.89
48.58 -87.533
48.6 -87.409
48.62 -87.134
48.64 -86.4
48.66 -85.376
48.68 -84.635
48.7 -84.462
48.72 -84.911
48.74 -85.284
48.76 -85.405
48.78 -85.268
48.8 -84.972
48.82 -84.836
48.84 -85.003
48.86 -85.514
48.88 -86.284
48.9 -86.921
48.92 -87.465
48.94 -87.925
48.96 -88.185
48.98 -88.498
49 -89.518
49.02 -91.068
49.04 -91.063
49.06 -91.023
49.08 -89.994
49.1 -89.051
49.12 -88.515
49.14 -88.518
49.16 -89.021
49.18 -88.735
49.2 -87.463
49.22 -86.692
49.24 -86.788
49.26 -87.661
49.28 -88.975
49.3 -90.681
49.32 -91.783
49.34 -91.823
49.36 -92.256
49.38 -92.13
49.4 -89.712
49.42 -88.331
49.44 -87.963
49.46 -86.708
49.48 -85.674
49.5 -85.698
49.52 -86.797
49.54 -88.648
49.56 -88.863
49.58 -87.04
49.6 -85.853
49.62 -85.686
49.64 -86.368
49.66 -87.624
49.68 -88.281
49.7 -88.986
49.72 -90.358
49.74 -91.083
49.76 -91.698
49.78 -89.678
49.8 -87.933
49.82 -87.313
49.84 -87.035
49.86 -86.648
49.88 -86.354
49.9 -87.321
49.92 -88.887
49.94 -89.737
49.96 -88.556
49.98 -86.326
50 -84.607
50.02 -83.901
50.04 -84.233
50.06 -85.519
50.08 -87.327
50.1 -88.213
50.12 -86.586
50.14 -85.203
50.16 -84.954
50.18 -85.722
50.2 -87.061
50.22 -88.519
50.24 -89.636
50.26 -89.666
50.28 -88.307
50.3 -86.625
50.32 -85.624
50.34 -85.779
50.36 -87.202
50.38 -88.16
50.4 -88.718
50.42 -88.008
50.44 -87.757
50.46 -88.659
50.48 -90.368
50.5 -91.943
50.52 -91.56
50.54 -89.621
50.56 -87.234
50.58 -85.327
50.6 -84.274
50.62 -84.313
50.64 -85.606
50.66 -88.088
50.68 -90.678
50.7 -92.308
50.72 -92.247
50.74 -91.044
50.76 -89.189
50.78 -87.235
50.8 -85.642
50.82 -85.092
50.84 -85.759
50.86 -87.311
50.88 -88.472
50.9 -87.688
50.92 -86.304
50.94 -85.484
50.96 -85.182
50.98 -84.92
51 -84.222
51.02 -83.326
51.04 -82.989
51.06 -83.6
51.08 -85.114
51.1 -87.095
51.12 -87.912
51.14 -87.852
51.16 -87.586
51.18 -87.791
51.2 -87.871
51.22 -87.789
51.24 -86.83
51.26 -85.235
51.28 -84.32
51.3 -84.049
51.32 -84.244
51.34 -85.061
51.36 -86.647
51.38 -86.663
51.4 -86.251
51.42 -86.036
51.44 -86.319
51.46 -86.909
51.48 -87.378
51.5 -87.558
51.52 -88.337
51.54 -90.357
51.56 -91.366
51.58 -89.621
51.6 -87.656
51.62 -87.421
51.64 -86.679
51.66 -86.125
51.68 -86.105
51.7 -86.874
51.72 -88.85
51.74 -91.258
51.76 -90.854
51.78 -90.136
51.8 -90.59
51.82 -90.994
51.84 -91.064
51.86 -89.681
51.88 -87.566
51.9 -86.328
51.92 -85.964
51.94 -85.906
51.96 -86.356
51.98 -86.621
52 -87.495
52.02 -88.445
52.04 -87.827
52.06 -86.755
52.08 -85.573
52.1 -84.732
52.12 -84.812
52.14 -85.9
52.16 -86.839
52.18 -87.212
52.2 -87.387
52.22 -87.095
52.24 -86.328
52.26 -85.465
52.28 -85.555
52.3 -87.162
52.32 -90.799
52.34 -95.047
52.36 -92.62
52.38 -90.379
52.4 -89.974
52.42 -90.621
52.44 -90.261
52.46 -88.787
52.48 -87.835
52.5 -87.574
52.52 -88.058
52.54 -88.694
52.56 -89.199
52.58 -90.053
52.6 -91.045
52.62 -90.53
52.64 -89.818
52.66 -89.658
52.68 -89.021
52.7 -87.1
52.72 -85.507
52.74 -84.626
52.76 -84.575
52.78 -85.29
52.8 -86.439
52.82 -87.176
52.84 -87.038
52.86 -86.672
52.88 -86.205
52.9 -85.547
52.92 -85.003
52.94 -84.547
52.96 -84.291
52.98 -84.474
53 -85.21
53.02 -86.269
53.04 -87.069
53.06 -87.516
53.08 -87.414
53.1 -86.497
53.12 -86.696
53.14 -87.606
53.16 -87.734
53.18 -87.81
53.2 -88.829
53.22 -89.436
53.24 -88.445
53.26 -86.78
53.28 -85.542
53.3 -84.914
53.32 -84.613
53.34 -84.244
53.36 -83.786
53.38 -83.377
53.4 -83.089
53.42 -83.214
53.44 -84.209
53.46 -85.676
53.48 -85.779
53.5 -85.986
53.52 -86.505
53.54 -87.089
53.56 -87.73
53.58 -88.197
53.6 -87.945
53.62 -88.118
53.64 -88.361
53.66 -88.042
53.68 -86.956
53.7 -85.108
53.72 -83.759
53.74 -82.909
53.76 -82.531
53.78 -82.426
53.8 -81.838
53.82 -80.236
53.84 -78.963
53.86 -78.321
53.88 -78.188
53.9 -78.312
53.92 -78.325
53.94 -77.961
53.96 -77.132
53.98 -76.633
54 -76.789
54.02 -77.655
54.04 -79.034
54.06 -80.094
54.08 -81.278
54.1 -82.799
54.12 -85.322
54.14 -89.01
54.16 -89.634
54.18 -85.912
54.2 -83.712
54.22 -83.063
54.24 -83.692
54.26 -84.582
54.28 -85.364
54.3 -86.219
54.32 -86.512
54.34 -86.604
54.36 -86.873
54.38 -86.434
54.4 -86.129
54.42 -86.113
54.44 -86.007
54.46 -86.237
54.48 -86.669
54.5 -87.296
54.52 -87.636
54.54 -87.478
54.56 -87.657
54.58 -88.331
54.6 -89.467
54.62 -90.977
54.64 -92.52
54.66 -92.772
54.68 -92.197
54.7 -91.748
54.72 -91.71
54.74 -91.714
54.76 -91.681
54.78 -91.535
54.8 -90.959
54.82 -89.984
54.84 -89.057
54.86 -87.397
54.88 -86.101
54.9 -85.749
54.92 -85.701
54.94 -85.958
54.96 -87.183
54.98 -89.82
55 -92.229
55.02 -91.9
55.04 -90.584
55.06 -90.487
55.08 -91.001
55.1 -90.569
55.12 -88.833
55.14 -87.406
55.16 -86.453
55.18 -85.397
55.2 -84.569
55.22 -84.204
55.24 -84.457
55.26 -85.247
55.28 -85.673
55.3 -85.865
55.32 -86.432
55.34 -87.464
55.36 -89.44
55.38 -91.748
55.4 -93.406
55.42 -94.155
55.44 -92.486
55.46 -88.53
55.48 -85.416
55.5 -83.61
55.52 -82.708
55.54 -82.484
55.56 -82.987
55.58 -84.418
55.6 -86.977
55.62 -90.487
55.64 -92.665
55.66 -91.365
55.68 -90.094
55.7 -89.413
55.72 -89.214
55.74 -89.276
55.76 -89.504
55.78 -88.844
55.8 -87.406
55.82 -86.653
55.84 -86.789
55.86 -87.618
55.88 -88.355
55.9 -88.796
55.92 -88.47
55.94 -88.672
55.96 -88.591
55.98 -86.976
56 -84.853
56.02 -83.78
56.04 -83.872
56.06 -84.879
56.08 -86.146
56.1 -87.069
56.12 -87.832
56.14 -87.039
56.16 -85.405
56.18 -84.388
56.2 -84.258
56.22 -84.876
56.24 -86.074
56.26 -87.704
56.28 -88.515
56.3 -88.292
56.32 -89.28
56.34 -91.958
56.36 -93.111
56.38 -91.225
56.4 -90.412
56.42 -90.326
56.44 -89.786
56.46 -88.446
56.48 -86.311
56.5 -85.321
56.52 -85.79
56.54 -87.326
56.56 -88.165
56.58 -87.452
56.6 -87.263
56.62 -88.143
56.64 -90.509
56.66 -92.255
56.68 -89.662
56.7 -86.814
56.72 -85.489
56.74 -85.537
56.76 -86.385
56.78 -87.779
56.8 -87.585
56.82 -87.074
56.84 -86.304
56.86 -85.395
56.88 -84.965
56.9 -85.191
56.92 -85.957
56.94 -86.602
56.96 -86.108
56.98 -86.127
57 -86.941
57.02 -88.072
57.04 -89.435
57.06 -90.419
57.08 -90.159
57.1 -89.912
57.12 -90.539
57.14 -90.398
57.16 -90.538
57.18 -91.463
57.2 -90.549
57.22 -88.088
57.24 -85.597
57.26 -83.991
57.28 -83.758
57.3 -85.03
57.32 -87.313
57.34 -88.467
57.36 -87.832
57.38 -87.738
57.4 -89.029
57.42 -89.489
57.44 -88.952
57.46 -88.438
57.48 -88.335
57.5 -88.871
57.52 -89.589
57.54 -88.838
57.56 -88.047
57.58 -87.85
57.6 -88.043
57.62 -88.098
57.64 -87.521
57.66 -86.499
57.68 -86.079
57.7 -86.291
57.72 -86.243
57.74 -85.667
57.76 -86.08
57.78 -87.927
57.8 -91.112
57.82 -93.947
57.84 -93.542
57.86 -92.234
57.88 -90.785
57.9 -90.139
57.92 -90.278
57.94 -90.075
57.96 -88.648
57.98 -87.266
58 -86.224
58.02 -85.653
58.04 -85.289
58.06 -85.588
58.08 -86.879
58.1 -87.809
58.12 -87.459
58.14 -87.177
58.16 -87.734
58.18 -89.179
58.2 -89.995
58.22 -90.229
58.24 -90.817
58.26 -91.434
58.28 -92.534
58.3 -92.516
58.32 -91.132
58.34 -90.118
58.36 -89.627
58.38 -90.012
58.4 -91.182
58.42 -92.037
58.44 -91.252
58.46 -90.1
58.48 -89.479
58.5 -89.83
58.52 -90.508
58.54 -89.938
58.56 -88.916
58.58 -88.132
58.6 -86.712
58.62 -85.407
58.64 -85.042
58.66 -85.275
58.68 -85.774
58.7 -86.476
58.72 -86.138
58.74 -86.227
58.76 -85.607
58.78 -85.232
58.8 -85.331
58.82 -85.793
58.84 -85.617
58.86 -84.688
58.88 -83.899
58.9 -84.219
58.92 -85.648
58.94 -87.791
58.96 -88.832
58.98 -88.497
59 -87.918
59.02 -87.527
59.04 -87.688
59.06 -87.692
59.08 -87.785
59.1 -87.588
59.12 -86.685
59.14 -85.445
59.16 -84.268
59.18 -83.28
59.2 -82.437
59.22 -81.782
59.24 -81.366
59.26 -81.205
59.28 -81.305
59.3 -81.733
59.32 -82.326
59.34 -82.921
59.36 -83.627
59.38 -84.57
59.4 -85.968
59.42 -86.224
59.44 -84.578
59.46 -83.234
59.48 -83.115
59.5 -84.314
59.52 -85.506
59.54 -85.327
59.56 -85.085
59.58 -85.665
59.6 -87.691
59.62 -91.858
59.64 -92.868
59.66 -90.899
59.68 -89.46
59.7 -88.616
59.72 -88.481
59.74 -89.117
59.76 -89.542
59.78 -90.649
59.8 -92.283
59.82 -89.902
59.84 -87.921
59.86 -86.782
59.88 -86.057
59.9 -86.026
59.92 -87.189
59.94 -88.447
59.96 -86.88
59.98 -86.356
60 -87.185
60.02 -88.371
60.04 -89.267
60.06 -89.044
60.08 -88.755
60.1 -89.251
60.12 -88.99
60.14 -87.122
60.16 -86.067
60.18 -86.416
60.2 -87.688
60.22 -88.243
60.24 -87.129
60.26 -86.26
60.28 -85.969
60.3 -86.152
60.32 -86.726
60.34 -87.834
60.36 -88.7
60.38 -88.939
60.4 -88.579
60.42 -88.32
60.44 -87.983
60.46 -88.107
60.48 -89.371
60.5 -91.619
60.52 -91.883
60.54 -88.787
60.56 -85.862
60.58 -84.109
60.6 -83.415
60.62 -83.721
60.64 -84.827
60.66 -85.848
60.68 -86.665
60.7 -88.525
60.72 -91.334
60.74 -88.774
60.76 -85.244
60.78 -83.224
60.8 -82.535
60.82 -83.001
60.84 -84.441
60.86 -86.109
60.88 -87.466
60.9 -88.995
60.92 -90.276
60.94 -89.743
60.96 -87.89
60.98 -86.044
61 -84.717
61.02 -84.186
61.04 -84.508
61.06 -85.416
61.08 -86.935
61.1 -89.085
61.12 -87.893
61.14 -86.949
61.16 -86.45
61.18 -85.802
61.2 -85.167
61.22 -85.001
61.24 -85.361
61.26 -86.016
61.28 -85.853
61.3 -85.558
61.32 -85.714
61.34 -86.246
61.36 -86.677
61.38 -86.451
61.4 -85.917
61.42 -85.474
61.44 -85.491
61.46 -85.302
61.48 -84.438
61.5 -83.643
61.52 -82.795
61.54 -82.264
61.56 -81.614
61.58 -81.378
61.6 -81.386
61.62 -81.056
61.64 -80.584
61.66 -80.172
61.68 -80.074
61.7 -80.297
61.72 -80.751
61.74 -80.869
61.76 -80.654
61.78 -80.305
61.8 -80.114
61.82 -80.327
61.84 -80.989
61.86 -81.875
61.88 -82.526
61.9 -82.262
61.92 -81.499
61.94 -81.404
61.96 -81.849
61.98 -82.578
62 -82.788
62.02 -82.519
62.04 -82.317
62.06 -82.585
62.08 -83.67
62.1 -85.763
62.12 -87.967
62.14 -88.092
62.16 -86.211
62.18 -84.856
62.2 -84.611
62.22 -85.016
62.24 -85.292
62.26 -84.954
62.28 -83.862
62.3 -83.109
62.32 -82.954
62.34 -83.741
62.36 -85.499
62.38 -86.469
62.4 -85.772
62.42 -85.11
62.44 -85.286
62.46 -87.041
62.48 -88.597
62.5 -87.165
62.52 -87.205
62.54 -86.174
62.56 -84.306
62.58 -84.374
62.6 -85.375
62.62 -84.588
62.64 -82.406
62.66 -81.173
62.68 -80.384
62.7 -80.199
62.72 -80.846
62.74 -81.959
62.76 -82.265
62.78 -82.024
62.8 -80.842
62.82 -79.75
62.84 -79.088
62.86 -78.791
62.88 -78.629
62.9 -78.869
62.92 -79.597
62.94 -80.587
62.96 -81.479
62.98 -81.557
63 -81.278
63.02 -81.49
63.04 -82.473
63.06 -84.383
63.08 -86.154
63.1 -84.978
63.12 -83.612
63.14 -82.99
63.16 -82.294
63.18 -81.662
63.2 -81.395
63.22 -81.5
63.24 -81.93
63.26 -82.609
63.28 -83.302
63.3 -83.517
63.32 -82.948
63.34 -81.308
63.36 -80.02
63.38 -79.548
63.4 -79.737
63.42 -79.952
63.44 -80.674
63.46 -82.08
63.48 -83.636
63.5 -84.207
63.52 -84.649
63.54 -86.322
63.56 -86.454
63.58 -85.401
63.6 -84.691
63.62 -84.562
63.64 -84.319
63.66 -84.268
63.68 -84.054
63.7 -84.213
63.72 -85.193
63.74 -87.323
63.76 -89.709
63.78 -89.024
63.8 -86.281
63.82 -84.379
63.84 -83.766
63.86 -83.616
63.88 -82.839
63.9 -82.316
63.92 -82.79
63.94 -84.064
63.96 -86.135
63.98 -88.451
64 -86.663
